48.008405955855729    38.898402275095229
48.008140202077705    38.895126100355320
48.008932380534851    38.891825173556114
48.013465210993679    38.881890261336103
48.014003714324119    38.878417290706416
48.015364536366071    38.875244912259795
48.015869187728669    38.872027635136291
48.015894736441254    38.868389080589367
48.018564825583127    38.861821666250854
48.021099272923834    38.859065368109860
48.022362871795401    38.856006449087459
48.026396283401027    38.849925190225150
48.027345428196462    38.846592693223364
48.027731566201886    38.843331745128133
48.026964499414831    38.836663819210244
48.030477970279016    38.834567560314596
48.032189757549219    38.833039345629324
48.033225378085923    38.832114745268370
48.035410792673758    38.829353798845155
48.037493068069551    38.822999927328077
48.038095825992670    38.819759677755727
48.040805791720551    38.817080308267002
48.044650417113495    38.815747700914606
48.048223052737910    38.813742329117304
48.051937690248458    38.812034129087138
48.061138562103302    38.809593465906950
48.063762500419656    38.806961503472465
48.068122641158382    38.806670023587891
48.072223485509831    38.805633323294998
48.075929029600360    38.804073491588014
48.080302804163864    38.803754137679846
48.082764305173711    38.801068581403968
48.083333081047982    38.797699617526625
48.087179300875128    38.796056924739915
48.089491110502436    38.793245540666554
48.093442487583744    38.791712907435254
48.097460696932600    38.790816746057224
48.101324539680292    38.789669886062775
48.105487782588099    38.789931440490577
48.106027364724810    38.786570057074179
48.104882169268905    38.783437997402153
48.102557465419963    38.780502369700230
48.103146240023975    38.777291398872507
48.108590571139551    38.772034275715960
48.112452271168856    38.773147534960820
48.116434012821621    38.773998541034167
48.120572046160987    38.773628273526860
48.124491920862255    38.772453999911285
48.128790550212344    38.772114106908504
48.136655703220043    38.769698678654777
48.140785074290591    38.769092606485600
48.144506040385487    38.767660777600078
48.151794425579489    38.763802550701328
48.155900398622443    38.762979286121620
48.164395632207068    38.762690685229238
48.172763607612467    38.763609408239915
48.176902559251133    38.762899295882463
48.180854929778569    38.761864133852960
48.184622095708868    38.760504003502177
48.188286993753394    38.758782063735772
48.191010145552461    38.756262001809816
48.191550429601342    38.753040681576032
48.199841865775475    38.751635516128630
48.201412125558662    38.747001462673254
48.204018738719768    38.744036773783080
48.207254964418460    38.741983441953757
48.219255681542720    38.738707031627285
48.223080701389570    38.737171930157352
48.231314216750782    38.735317456325909
48.234738958730155    38.733091811019605
48.238675586101849    38.732018353453888
48.243141316682959    38.731786552374061
48.246951545220050    38.730169253774100
48.249926877427811    38.727868893401094
48.250330330508142    38.724640272325942
48.250093433186215    38.714755155458285
48.250252287174263    38.707821631372411
48.249610815685294    38.697766017729080
48.250489780895840    38.680731348226956
48.250222871182956    38.667386553791168
48.252960354321452    38.663608215008324
48.257000732826214    38.663009493115574
48.260988486912019    38.661858924897722
48.264145354387288    38.659626518154148
48.268258267407937    38.659015963325160
48.276033701423742    38.656220067975894
48.280200987472981    38.655312579858247
48.283668291943599    38.653292987277183
48.290403982877059    38.649909159594372
48.294210863139121    38.648524043272865
48.294086990920540    38.638629079929842
48.297558504711255    38.632393097268086
48.300450335230970    38.629797911269272
48.302487872970964    38.626735922185695
48.305432048767287    38.624290052063543
48.306992062440578    38.621199803134701
48.306591081337636    38.617798029318166
48.305495111063500    38.614385781316919
48.307917117685946    38.611508562952920
48.311604004375937    38.609341318131214
48.315446652003445    38.607695268147467
48.318541563231229    38.605446507130118
48.322027755349595    38.603606463088525
48.326339131019729    38.603845442188202
48.330464844659396    38.604425912426997
48.334093240032601    38.602647773586277
48.338637041885072    38.602468043322794
48.342962813115669    38.602710468871948
48.347052519509781    38.601420091858778
48.359951070420585    38.598577142315222
48.364385605062232    38.599032485376171
48.372362352994870    38.600996375749993
48.379931194099655    38.604715900817446
48.383411458570436    38.606771176448795
48.387939477880501    38.606634057789442
48.392070381142091    38.605392383021631
48.396315348297541    38.605040858279807
48.400647280230103    38.605110859809713
48.405068151211424    38.604709104303666
48.408637065049973    38.606337018170763
48.412835211439642    38.606078531056042
48.416450696292351    38.608041911366776
48.424482215746401    38.616576209665062
48.428918557318809    38.616587814020939
48.432797304407586    38.617650327852722
48.435892854223276    38.615294542714075
48.440246712372002    38.615593380033815
48.444422347533582    38.614738531329699
48.448539259381832    38.613467607589087
48.452668624366169    38.613116243038945
48.456717253748849    38.612154625369364
48.457865637520982    38.609026649443088
48.456653361215835    38.605832388087379
48.458308489311541    38.602737715037790
48.459011184652127    38.599500208733460
48.457765731324628    38.596428129325865
48.454965159290040    38.593934373440248
48.454833410430211    38.590507186039545
48.457098132037942    38.587813028798529
48.454052639895764    38.585516943031472
48.454663082411741    38.582187879899720
48.457247265507149    38.579455225145558
48.460810809711546    38.573424382160972
48.460366238256839    38.569818934869112
48.461817756213051    38.566711114157293
48.465328531907858    38.564844824856372
48.468674201101152    38.562700787519908
48.469708481974820    38.559480087031083
48.471268743940954    38.556135006871614
48.475098224314706    38.554249032214990
48.479463539106156    38.554532622840760
48.483148528708526    38.556129814529704
48.487363514769100    38.557459919559513
48.491458903046990    38.557164483137278
48.495450875606842    38.555592551711392
48.502889632663539    38.550534611299028
48.504991080141849    38.547731694133738
48.506618440926481    38.544621576420845
48.507732051351105    38.541311646152330
48.508485331169588    38.538039716728861
48.508418156504518    38.531153593872936
48.510167560984193    38.528245036097879
48.513199902149260    38.526038657211949
48.514875783667136    38.523096659330925
48.520858846331890    38.518425146721995
48.524805708771567    38.517576476201349
48.527950059779954    38.515286679606980
48.529581016484805    38.512325768633850
48.531901289025079    38.506859846792707
48.536124153243094    38.504953347220294
48.540226303213942    38.502809149102561
48.543825848141488    38.500227354942403
48.550269470536072    38.494956247271602
48.553109317011035    38.492082479135483
48.559950518684595    38.485787479548925
48.567073306327089    38.479863192565418
48.579064963090786    38.467032969769555
48.581491505835416    38.463226885702596
48.584057621814786    38.459855737371200
48.588170879605407    38.452894396868636
48.587884405915709    38.450181947928321
48.586573233414924    38.449955734580882
48.585744114100173    38.449298343022342
48.583892547588000    38.446458355781672
48.583004787004860    38.445709769015778
48.578936473306499    38.443909364254083
48.577947820852408    38.443321865421218
48.577103634304905    38.442465977949041
48.574361239369729    38.437458563216879
48.572899821823277    38.433828282401137
48.571466811431975    38.429865282073038
48.570876027525195    38.426226462966127
48.571174985108108    38.424133343913219
48.571660813844431    38.421440839788175
48.571812072645457    38.418452592769086
48.572632731457922    38.416230028433844
48.575991470213538    38.408910775025568
48.577062285338364    38.408032555899169
48.579699590072742    38.407135876291292
48.581783924780325    38.405673792449441
48.582550130751876    38.404842739727215
48.583108861399424    38.402507154054483
48.582911373057925    38.399602448372157
48.581976603663698    38.397284917856567
48.580490965700520    38.395222652479553
48.577609617799219    38.391712063225079
48.577197931006808    38.389757422802703
48.575376687815094    38.386953017330775
48.575151378291437    38.384150489305412
48.575264079368687    38.383003995090235
48.576375528598419    38.381152810854800
48.576677007706166    38.380181468579309
48.576162941812811    38.378009041861127
48.574794038282747    38.375867054871406
48.575450926553451    38.372497802027283
48.575259501236474    38.371367025356690
48.573467561834406    38.368329847316126
48.573113833875347    38.366376336634254
48.573343483401409    38.365389691308152
48.574829915037085    38.363195115885958
48.576738153933903    38.361414486069805
48.578919241931366    38.358851262651228
48.587027010132125    38.355715824314359
48.588039685404048    38.355146492578967
48.588964553534389    38.354205997097502
48.591557791835697    38.349096196750061
48.592993608131721    38.344993873877037
48.595245529379092    38.342189270639821
48.599056068492949    38.337360143551287
48.602056834378502    38.333407577028211
48.603731206837658    38.331450669780878
48.604075371225100    38.330407853807891
48.603457267628905    38.327493665913920
48.602874388720210    38.326490903271200
48.599298896848829    38.322962302925937
48.598903215047365    38.321634322075845
48.598870720984756    38.320503171922581
48.599374326335152    38.319449945239022
48.600023723927038    38.318688165143776
48.601064660924628    38.318087261338100
48.602238760559793    38.318124672508048
48.603847743454260    38.318577647444087
48.606373042110803    38.319854614147154
48.607896143735140    38.320416481790986
48.609199299724473    38.320285922528903
48.611470010942433    38.319173665940490
48.612293479548775    38.318470579552894
48.613129723354028    38.317253116317566
48.614479448826550    38.313730378982022
48.619813872162339    38.306639390204047
48.623162557091241    38.303381540486455
48.628195788587526    38.301289864022415
48.633245305241161    38.299900185616764
48.636243588349551    38.299880316840181
48.640309656414743    38.298952210689301
48.646623718571760    38.298777572754425
48.660607138275438    38.303900428439960
48.663002485385618    38.305201488013168
48.664370244094215    38.306746931440401
48.667027137222341    38.311619839564024
48.668918399329662    38.313541387732968
48.672505085598594    38.315531772523336
48.675406771044877    38.316522280347911
48.678219433251620    38.315708236673750
48.679683838313004    38.313953363559804
48.680471410033611    38.311878062106203
48.680665274235047    38.309804919201738
48.679366263209516    38.300907873661757
48.677985813123243    38.296605483943551
48.675768467725767    38.286203240876056
48.675802539959236    38.284131493959976
48.673347206865415    38.278824726112639
48.673801453888395    38.276806842064147
48.674922849885597    38.274887562513321
48.677503241078739    38.272262040215814
48.680242955624820    38.269784483492330
48.682111291460295    38.267905061118000
48.682693312347027    38.267318927426146
48.684901993395876    38.265911748308099
48.688715833584077    38.264099697148936
48.697100581911201    38.261493642876033
48.701169660578728    38.258698656219451
48.701888597810395    38.257707514413916
48.701941981336560    38.256700027846982
48.701269442524556    38.255321886085916
48.696822798031988    38.251594439571576
48.694819151049806    38.249252567315715
48.691926640091310    38.246839256741985
48.690966044110723    38.245644060474945
48.690208714412726    38.243362986464064
48.690045030466933    38.242129826159470
48.690200788026587    38.240911641167976
48.690715174544451    38.240097892591365
48.693707533648052    38.238165223230006
48.694518660435172    38.237068702928703
48.695512854398743    38.234681983218763
48.695352440831300    38.233574865117625
48.693679811985035    38.230172310731788
48.693376359233710    38.229134815184281
48.693710491408879    38.227005114787893
48.694873503121279    38.223905495084082
48.695583109385417    38.222811649978233
48.696480675351118    38.222243610885450
48.702599218010704    38.220700523215697
48.704964121337390    38.219706190744034
48.709479768049491    38.218284566207892
48.710372510520074    38.214451085114518
48.711269322521375    38.213869424622054
48.711909843232910    38.212904293494397
48.712130075834487    38.211948326271020
48.711707671852210    38.210795930809248
48.709502630371134    38.209653669992058
48.707016966666842    38.208856646727369
48.699806523461895    38.208581069126097
48.698177826735233    38.208373431212422
48.695166339413959    38.207416938383545
48.693178336458587    38.206233563624032
48.692457162213159    38.205300801661949
48.692257934941829    38.203282431001497
48.692331793841731    38.201193982768181
48.691295156363594    38.198763280146636
48.688632357742868    38.192970880098557
48.687919237532149    38.189641102492331
48.687603641408458    38.187606771931371
48.686483360419892    38.185819175782107
48.685910779308671    38.185005836043992
48.685994999536149    38.182741190371139
48.687089521136379    38.178198245189954
48.687320015093313    38.174400024700489
48.688316424875637    38.172131267779591
48.688505830239656    38.171103193107065
48.687696191179143    38.169010842602368
48.687100786015783    38.167877215478910
48.686240517499499    38.166048199653439
48.685919376173963    38.163807772478982
48.685715971725202    38.161636133053840
48.684550398044024    38.159766778348633
48.682696697153084    38.158157775124920
48.681143559296984    38.157089044969197
48.679480123597038    38.155944364232013
48.678603558038752    38.155112033858892
48.678113519071253    38.154115237368565
48.677926727989160    38.150944511126518
48.676793339224481    38.148101365196702
48.674728439636816    38.145069092070806
48.671770160864661    38.141671499843824
48.668729551578181    38.135691920405115
48.666444111487827    38.133059929180526
48.665519587006493    38.130969405915216
48.662144289008488    38.122188272286479
48.661168483897391    38.120339644997216
48.659721247363194    38.115990096377551
48.659236115694284    38.112457366640946
48.658374376300898    38.110525541496372
48.656800114613503    38.108789997317608
48.651838229801172    38.105262769194198
48.651149425580563    38.104383719353528
48.651100055363166    38.103062548047816
48.652616484649933    38.100759580130259
48.653517144833394    38.099812875614020
48.655844411074987    38.098629988337315
48.656702812319416    38.097714175291905
48.657958134575168    38.094306369347180
48.658294791676795    38.092280920867644
48.658237107343425    38.091203441715443
48.657623133399284    38.090411761011346
48.655338751831096    38.088843267516602
48.654649697368058    38.087964199967871
48.654408908705136    38.087062667197259
48.654855781958503    38.085917740092491
48.654779381579495    38.084673043442827
48.654312873689044    38.083443022147094
48.654701961996409    38.081211588132390
48.653581925771000    38.079342325715963
48.647360352300836    38.071089793114261
48.645307862708407    38.065687288916024
48.644182342817693    38.063600592419014
48.642984348089371    38.058750899853820
48.641071406360282    38.055306345146349
48.639080151156890    38.053298231338516
48.634100477174258    38.050350606086418
48.631592821346068    38.049569957126550
48.630616767624517    38.048738695119170
48.629562444251221    38.045482672647523
48.627513071051894    38.041774721214807
48.627344761435950    38.039747843642267
48.627726076406290    38.037760055213951
48.627127168584423    38.035305203184194
48.626277293502135    38.034323767270514
48.624079933182891    38.032662412539359
48.622843055605706    38.030718210844284
48.622601589775833    38.029757990510873
48.622640173378777    38.028475048051988
48.623071957274014    38.027306998376659
48.623774679878004    38.026533472347708
48.624869659128137    38.025834302446349
48.627257947354565    38.025392163865767
48.628275290085604    38.024501985304738
48.627847031446990    38.023615198871482
48.626025347370302    38.021942035345688
48.622315495642141    38.019912318902129
48.621671354628482    38.019056123964532
48.620967703356861    38.014802831474292
48.620740193763531    38.013847643348036
48.619728426684617    38.011632375894642
48.619140259130276    38.007354444767266
48.619492040195190    38.005329375681072
48.619712453417556    38.003247235318149
48.619169045401470    38.001254490742284
48.617951921140381    38.000161301399437
48.615617548968757    37.999073407233389
48.613276722105596    37.998332787242376
48.608795019557157    37.995753800984168
48.606146650685425    37.993276136358091
48.605174757094005    37.991540342665886
48.604566401672272    37.990757453958608
48.604246453104530    37.989872670906493
48.604067531604898    37.987647142293177
48.603516634516311    37.986532488766471
48.601215439735931    37.984186898424468
48.595199449660420    37.979505488594782
48.594215722593958    37.978520509202632
48.592968571225192    37.976161403393085
48.593408189020600    37.972782084343820
48.592849334654588    37.968553250761545
48.593129978398544    37.965247281182371
48.594142074792131    37.960059830776920
48.594545360949667    37.947961685970895
48.593858527755359    37.944271937735934
48.593001105772593    37.941956679448658
48.592408175988929    37.941173156203675
48.591381991953455    37.940346086314960
48.588999316897137    37.939310687042308
48.586271250163186    37.938546889530031
48.585260111968921    37.938084875338859
48.582413588145059    37.935967295568950
48.579814966517532    37.934886894880648
48.578516341175984    37.934652700873023
48.572344971798692    37.935719942077441
48.568279256030742    37.936640265147020
48.563922885339572    37.936681180290101
48.561166988844036    37.936119336916860
48.557443003768860    37.934766211403335
48.555607505415793    37.933012372073378
48.554985182016111    37.931886566286288
48.554661815480429    37.928878497970366
48.554686921160197    37.926807236128781
48.554019228683266    37.924742403108674
48.553440513609232    37.923721860193240
48.552328589244539    37.922928047062911
48.549557809094132    37.921847798183180
48.544635395321038    37.919339071130693
48.542050266585761    37.917185117827174
48.541096668209413    37.915939810767242
48.539760400542292    37.910667904863750
48.538615814218574    37.907422205586791
48.538536128457025    37.902955755994704
48.538664132920125    37.901886577437814
48.539397490352975    37.900815331311854
48.541629454601662    37.899181363360015
48.542882188210804    37.898487004179486
48.544021047536319    37.898343737515226
48.545318575137060    37.898465755818506
48.548304795203741    37.899447020751794
48.550974785268636    37.901030634794651
48.552650767005801    37.902763488579090
48.554066839294990    37.904509261120914
48.555337277964362    37.905220726395889
48.556491328711495    37.905524622573701
48.557875328690947    37.905449805708571
48.559416598150719    37.904809891278283
48.560308892757838    37.903931826925970
48.562073717086449    37.899629961303340
48.561593118193386    37.897380350376210
48.562929380968072    37.895034245430821
48.563244537581134    37.894067222275751
48.562644357843446    37.889670525810217
48.561670297685232    37.885717491873869
48.560770149689972    37.882535899141679
48.560082555394608    37.877470564082465
48.561085616011198    37.867475628435500
48.561941673770910    37.863472646289452
48.562054162357811    37.862151845238017
48.564509190736487    37.859234934014850
48.575175714074092    37.846559520598269
48.576193184257193    37.844225951089882
48.576245909904770    37.842075659034847
48.573434351734576    37.834595081034827
48.572003880717922    37.832565136448558
48.566562683741147    37.827526192330886
48.564625096670468    37.823950665792502
48.563929107620048    37.821828071467607
48.563489322304932    37.818181183110454
48.563830166775318    37.816043739230594
48.565620739428518    37.811581421504755
48.567502073729891    37.809063815478630
48.571437861236625    37.804751267331163
48.573879083887633    37.801993202582459
48.576993540244622    37.797652424921168
48.579118072690370    37.794949916289895
48.580394617928327    37.792932825377633
48.581313913783767    37.791988101188572
48.584648962570483    37.789964058022207
48.592468739491729    37.785436061508157
48.595716288385226    37.783172986122779
48.598835912808518    37.781579771393965
48.601569705730888    37.781126405683708
48.606943699999292    37.783018740777258
48.608455844285665    37.783215369695327
48.609666869860952    37.783826198920075
48.611861482159696    37.786193072901980
48.613033004281739    37.788063666443080
48.614316501166769    37.789013840381791
48.615096793440152    37.789978416720267
48.615994894762309    37.791951493100015
48.616789023696739    37.792779333987774
48.617683415013651    37.793355817668122
48.618778566570640    37.793760410124200
48.622344004695165    37.792030636439691
48.623334702231610    37.791059281774842
48.624491614644931    37.788020840258504
48.625350020206710    37.786164153672942
48.626426585455420    37.785101733706789
48.629289897293532    37.784738577617802
48.631503809407391    37.783742514362892
48.633673819923338    37.782596101856456
48.634810241952003    37.782341723568244
48.637834396103543    37.782705067802958
48.639013883326172    37.782381505954206
48.640852022305282    37.781102262082392
48.643080976067779    37.780331668192339
48.645843726112410    37.780139631258670
48.646646461011386    37.779019841711659
48.648090113566127    37.775865616773494
48.648069468098370    37.773956341596005
48.647342996785802    37.771890236714214
48.647940659652463    37.769773022123807
48.647012199969900    37.767630091942529
48.644002056662799    37.762559323396900
48.642312529449853    37.760633080740924
48.638560070783498    37.757262762514998
48.637463659653577    37.756492518230040
48.636625719949883    37.755439032118247
48.636187967419396    37.753463261556483
48.636516451297219    37.751578181117480
48.637373765661430    37.749739290139495
48.634777204617571    37.739071735824673
48.634533352121679    37.736572604067860
48.635653956293815    37.728245483015854
48.635896257693844    37.722024198330089
48.635743630547466    37.720701329725550
48.634145411750985    37.716230668656465
48.633005405487076    37.714175610582267
48.631703495300826    37.712502216414599
48.630630875292603    37.711807072579887
48.629375817953040    37.711289072136090
48.626995837646525    37.710779378281103
48.624665446736159    37.709472626749225
48.620386744271315    37.708615515896312
48.618897445817730    37.707975341576635
48.618042505494969    37.707322706138328
48.617098949989675    37.705562432530591
48.616437854130190    37.703579560344103
48.615474944104449    37.702674913846124
48.612821680581852    37.702179698099307
48.611310692600028    37.702300444343017
48.607412605345338    37.703178035215217
48.601485180864614    37.704211262351571
48.597654121616237    37.704394673097156
48.596501998934087    37.703932314526241
48.595121372372610    37.703034073383797
48.594946923627909    37.701965669461849
48.595842768075869    37.699942759228300
48.595007004626581    37.696854178855752
48.593623826969583    37.692219343469596
48.593384025135911    37.690837622677954
48.593478835826126    37.689592252514345
48.591642114234489    37.687835706694706
48.591504808524711    37.686850942652889
48.591911903571244    37.684567168123642
48.593944891601808    37.681968355359523
48.596398081798696    37.679455338072806
48.601358462598391    37.675848321183828
48.602964670493954    37.674006245548874
48.605730145604035    37.670300412558532
48.607184411803530    37.667146518269355
48.607195343419754    37.664954521506068
48.606412136225991    37.661681155375028
48.605302653096622    37.658079305480953
48.605480030123772    37.653601419828711
48.606325556290571    37.647747257179681
48.608077633738304    37.642905875847823
48.609430204895837    37.640770793670917
48.610570184375391    37.640311939898282
48.615024047719771    37.639318504474595
48.615702647013030    37.638347820782897
48.614058333393245    37.634698224715116
48.613720756969592    37.632421003763262
48.614009154352281    37.631399514575619
48.614881812937661    37.630150846824939
48.616890620114788    37.628312546151960
48.617979575619827    37.627576914953757
48.622698420203470    37.625807272372882
48.624923538134041    37.624506659236417
48.627643353379099    37.621838329755633
48.630283201120115    37.617890304801243
48.633211588285768    37.611422541485730
48.640217571125582    37.602986136450816
48.653736834984812    37.583664162169541
48.656315085077189    37.580674251533850
48.665126595355126    37.574648429721087
48.668459306998926    37.572889794404603
48.670370707016247    37.571274055892872
48.672061450892116    37.568992017376694
48.672545422918610    37.567793627008577
48.672538075354076    37.564551524155000
48.673117636984671    37.563677786004504
48.674821227470034    37.561856600413584
48.675203788355020    37.559656781767629
48.676232215887303    37.557872485785452
48.677093642076066    37.556978582045474
48.679121466374667    37.555752361196710
48.679879640482305    37.555080525889728
48.680462863799676    37.553857950945350
48.680991909086508    37.551747301867387
48.681650525583990    37.550639192314236
48.682420742241518    37.549899158712435
48.683627370028482    37.549310661698890
48.685935581746271    37.548517749735737
48.686656534644804    37.547567465128701
48.688264419688963    37.542473314843448
48.690008303805513    37.535634164311880
48.690400497325321    37.528830591179322
48.691107619976172    37.526936376309415
48.691703243260967    37.526141970334002
48.691829517861599    37.525031492008075
48.690766923752577    37.519675446224319
48.689734912527513    37.517837281772756
48.689276112151589    37.515908485367056
48.688912215765647    37.514772623961328
48.689189454168343    37.512480580890497
48.690400122525219    37.510036991508315
48.692688140919238    37.507098647403311
48.694837672824015    37.504358444560765
48.698306512334796    37.500992431954089
48.736370758546258    37.466915793978906
48.757053105359788    37.436043620770739
48.759059824206751    37.434551820546417
48.765162246385536    37.429865607583444
48.767893899237869    37.426130572139130
48.771142347876030    37.421608761153948
48.776087416499216    37.415988906049179
48.778749379907858    37.413436347991812
48.780195760985180    37.410773639404397
48.781195997973178    37.408859933792357
48.784560159364268    37.405523331480332
48.785862975715304    37.404817218198332
48.791354149806715    37.403559637678882
48.792603884997590    37.403127194003588
48.793663361239069    37.402338205278163
48.798877456411446    37.395795859809283
48.800962829810111    37.393946230978756
48.804475134300674    37.392112345491611
48.808538923768509    37.390872049803079
48.810572757641623    37.389439057967387
48.811654989899637    37.388305175738495
48.812749211834863    37.386081916283423
48.813446808024970    37.384008521471927
48.816412120407243    37.379018329460607
48.817132920761047    37.376601290852122
48.817058290751191    37.373437992137447
48.815653238543689    37.368172029541846
48.814425884277071    37.365629815377886
48.813843487073882    37.364423547441717
48.813501268730349    37.362470123298898
48.813591548217353    37.357976785466306
48.814403784919058    37.352077430672963
48.815345954918541    37.350211732831177
48.817572155591023    37.347382128832180
48.821603844556201    37.343236388997951
48.824298211991959    37.340314736054935
48.827830433433761    37.336168277915164
48.832587210545555    37.331936950658765
48.835821542945595    37.328918023720959
48.839148989734937    37.325475925075025
48.842531810967166    37.320078982399203
48.845959639255859    37.312013998553944
48.846901608327329    37.311125348511034
48.852846188367820    37.308344978052709
48.861405391950186    37.305007815932740
48.869464491367751    37.302594173884629
48.873372321633937    37.300881927873263
48.876334056162591    37.298878240300986
48.878542222346439    37.296050195811411
48.880016245151282    37.295510812924185
48.879750683569213    37.294018673470447
48.880574253331737    37.291081489881357
48.880285205588578    37.289004033426643
48.879327740877933    37.286997376315874
48.875696370232824    37.282617618407379
48.873931737848316    37.279097594241030
48.874821259495278    37.270371786944594
48.876566205811514    37.268017698805984
48.877589754986822    37.266066749610523
48.879887582460100    37.263584390584910
48.880126776037571    37.262468787125989
48.879570964936669    37.260620695133412
48.877815523409318    37.257711275666338
48.876748134357811    37.255960326829467
48.876860589164281    37.254936619104697
48.877664768266726    37.254212375309585
48.879930015178715    37.253281550390611
48.880836288926147    37.252279750116436
48.884336665744598    37.250027656866088
48.887470676626627    37.245512469895480
48.890082412503304    37.239991565216592
48.892554207467178    37.234542835986893
48.895115472805401    37.227749570078558
48.896079804265050    37.225917717008173
48.899411833233358    37.218462812984619
48.900272409597690    37.214955731765670
48.902129853928777    37.209271111607997
48.903029665042517    37.208665267098311
48.905633775874456    37.207466739417846
48.908289442514004    37.207083219686396
48.910956938910871    37.206114521700819
48.913213233879382    37.204588182837561
48.913962635766801    37.203662251009803
48.915709636349831    37.200592493816430
48.921300449925617    37.194305380457742
48.924306792027700    37.191900178473375
48.928284936618518    37.190433354325442
48.930922240907208    37.187950683982820
48.930793282818719    37.186897266834009
48.929720442632089    37.183413217527558
48.930099408800942    37.180898513209350
48.929834301231388    37.179500853401500
48.929427797500189    37.178610129819951
48.926644819387718    37.176968802755248
48.923143718518673    37.175848086988864
48.920817711710527    37.174298617880275
48.920115452327295    37.174502315946413
48.916365918899530    37.174956319847034
48.910875743917607    37.175102891269923
48.907362476137870    37.174849552999703
48.904111626893979    37.174069115756659
48.901038103106885    37.172761672998249
48.895411098202729    37.169692645088283
48.890279176234209    37.165777694612146
48.886906621654433    37.163089906452129
48.884690317118832    37.161904386955442
48.877879448186725    37.160065500334568
48.871084770684142    37.156391129644987
48.869372408284065    37.155104512330873
48.869601587306406    37.152818211579934
48.863339710384395    37.149033548618000
48.861797800901655    37.146314134684424
48.860578052954061    37.145547831237522
48.859638693082601    37.145218219537043
48.857954339712279    37.145067772179956
48.855351320271609    37.145325039326472
48.844110574589344    37.148801055038916
48.841236988111618    37.150226605477023
48.839996913044118    37.151203874688299
48.839096852664539    37.152458042157363
48.837647387448044    37.156765245320393
48.840924856274405    37.177677415796097
48.841590180056912    37.179518998056110
48.841849013161500    37.181884051981072
48.841461566553278    37.183260809734506
48.840496350491946    37.185181343368804
48.839282793468946    37.186297015801038
48.835314216452034    37.188333690623367
48.827625310778522    37.190639339188067
48.823449977758976    37.193156285707786
48.820723596413515    37.194029704866743
48.816630205466730    37.194458335939331
48.813090520905902    37.193949195388448
48.805086943788034    37.191338779631636
48.801577114541750    37.190759547703202
48.796632140123194    37.190630157328833
48.794125677810698    37.189875367140097
48.793108398272494    37.188856359808128
48.792607063873909    37.187751934280143
48.792451334940452    37.186442726673349
48.792700523673126    37.182357674419883
48.793843675212131    37.177615411268299
48.796127043506921    37.173134547424503
48.797984489919621    37.170785614924213
48.803581646485455    37.164009924668356
48.806195981962702    37.160449690082032
48.807515146925340    37.157659213207957
48.808222768343661    37.153371376518329
48.807898569684106    37.149352422455287
48.806128652695172    37.144378592447531
48.804223670902196    37.141173254316712
48.801904456247456    37.139181365171503
48.800344095812939    37.138251181028522
48.799091377451653    37.137874915521479
48.797550405671430    37.137701204948563
48.792857351594989    37.138307989082541
48.789645390963564    37.139315807911906
48.788148657163127    37.140221611165074
48.787080348051823    37.141132027436889
48.782831341087480    37.145184531442105
48.777879921234003    37.148198665780029
48.772377433332871    37.151827015726198
48.768506962831957    37.155168794996229
48.765549791718904    37.158612198864013
48.762172181448527    37.163656080990080
48.756263941989779    37.174467749839742
48.753591795325413    37.177841127710671
48.752295875413886    37.178590105929821
48.750085767847288    37.179304771548424
48.746220258004634    37.179823658647081
48.743835018421407    37.179750356308709
48.742219246034523    37.179700673338971
48.736968161148731    37.179012766181735
48.735719016876565    37.178360142099109
48.735144562896231    37.176334612517081
48.735142325572681    37.174268953051033
48.734557733949579    37.170799119724684
48.733454348289548    37.169916913639568
48.731974479626857    37.169400272760697
48.729322541008656    37.168896256030251
48.721874717300871    37.168004608603795
48.718878854213081    37.167566513698326
48.716232530499354    37.166672757330062
48.713478950353142    37.165224989101212
48.710622293766491    37.162950807650688
48.704473379065206    37.156745861375420
48.701840582840788    37.154840892935461
48.691307473934543    37.149699372136851
48.679067947960434    37.141926425052731
48.675253204689525    37.138794738466643
48.666416986268636    37.131002990104555
48.664493315908949    37.129631699177104
48.661621612134155    37.128641950737517
48.646267780777123    37.125494373511600
48.634455093562558    37.122541623910273
48.623851543880434    37.118954707786010
48.622540600089671    37.118734270095558
48.620511895803936    37.118784017837910
48.618937378590189    37.119044980148047
48.616437794641051    37.120056462752558
48.614764010496522    37.121279775479941
48.608198334971199    37.128929946484483
48.605826715690959    37.130950119258699
48.604447734893704    37.131300057317354
48.603896908191643    37.132035479384584
48.599392687362524    37.133369693171986
48.593468721815270    37.134069672925975
48.582985105552574    37.134039428706039
48.575314220048021    37.133114260884014
48.565398022319101    37.131411914096823
48.558895546893659    37.130704245114288
48.557206374722199    37.130941702837610
48.555882369447438    37.131617830636507
48.554780237706161    37.132707544692920
48.552419808038110    37.135781604239085
48.546793790996851    37.141282567121159
48.534235795642736    37.153435743694239
48.526557453606451    37.162127034461200
48.522921384056659    37.166221898251052
48.518063180009484    37.169869129623216
48.513025209960837    37.173994140817122
48.507626305550353    37.179240382969816
48.501513280753926    37.185622284168105
48.498809646650507    37.187847398603054
48.489808076590357    37.194382524263659
48.483717560459276    37.197969996090229
48.476444686786152    37.201194336592266
48.472999813019847    37.202515932706831
48.465236011907436    37.204575742415912
48.457568314602966    37.207024377255728
48.454182769143451    37.208457253789113
48.436812717717501    37.218164093681466
48.426314417038050    37.223572755326245
48.423430302408839    37.225591559217953
48.421224205628988    37.228380234718671
48.420564530036550    37.231319026479568
48.422426404048558    37.237540017105388
48.422946223847021    37.240775509731442
48.420652450077178    37.243493951417058
48.417818863669311    37.246340350146077
48.414457280696773    37.247679747929972
48.410961628071682    37.246305676929211
48.407076585604713    37.246321716403905
48.403512749849263    37.247595918060448
48.400799360749055    37.249658650937242
48.397114367707879    37.249667162175378
48.393380648893761    37.248965021531340
48.389949837391860    37.247842069566445
48.387853050441095    37.245400738188977
48.386404588566911    37.242625500467305
48.382749985680228    37.243716187614027
48.381716367690096    37.246615140864328
48.380775862156291    37.247603171090347
48.379301463577207    37.249152015668592
48.371948002124043    37.247723327507671
48.359850834890366    37.248278072566869
48.351393878583778    37.248251598555491
48.340737079820165    37.248419333024437
48.344592105160181    37.251807811804873
48.343828460646186    37.255169775152027
48.342428809606048    37.258653024776088
48.340743797213676    37.261789433048740
48.338346748393612    37.264934561930751
48.335974280629074    37.267629040684689
48.333838449219193    37.270547674011212
48.330262606386569    37.272393848545924
48.325245615646352    37.269926937665112
48.325328042241530    37.275197226929045
48.322342704255774    37.277554123257381
48.318323220094967    37.277210387020986
48.310221161302266    37.275292095549950
48.306151552292022    37.275476312831792
48.301150293025437    37.280954351548189
48.297805069855372    37.283252307139527
48.296997455737802    37.286637933496216
48.298854999969215    37.293253398194658
48.297897059979753    37.296448872887304
48.294015235840035    37.297452970191095
48.289645332254459    37.297646210376975
48.286086983377096    37.299259941619155
48.284316904585367    37.305759513735673
48.281424985414354    37.308020417891228
48.277300124570729    37.308297136954295
48.273609539676791    37.309833822100487
48.272160146457409    37.312893926781307
48.268951855763220    37.315106991544873
48.265880983622665    37.317545597350680
48.264969113306783    37.320864429005198
48.264562446493628    37.324342681504028
48.261808093156034    37.326873813931570
48.257956308406065    37.325396995797867
48.254971809476004    37.323104210507459
48.250596295795177    37.325908954196585
48.249579622805726    37.329481009758894
48.249390843512749    37.336915174056521
48.247902830888357    37.340446289544822
48.244747373272737    37.343421278759791
48.237293595402022    37.348167689828756
48.235725729753383    37.351941788877134
48.234707214459000    37.359846195486234
48.234747295887601    37.363562270392976
48.235088969358202    37.367365867611326
48.236001734174572    37.371216972618370
48.235414911972754    37.374379585327794
48.230400970516079    37.374467355195542
48.220234394199629    37.375870572797375
48.206526870465140    37.378689420398167
48.202319755092965    37.380221673269666
48.200463859031757    37.382093911997607
48.199541325272456    37.383025192390193
48.197213900882943    37.386192022807577
48.195489789581622    37.389540824603863
48.181929027401893    37.409479606682723
48.179137747389731    37.412398069325299
48.175388887242697    37.414678370435119
48.172260522575108    37.417270949404333
48.169398542111082    37.420248007980987
48.168135104557884    37.423844234284019
48.167623009097255    37.427853221264904
48.166589372776741    37.431538403786909
48.166209651188964    37.435145537875719
48.166159438745822    37.438826929982284
48.165584500657630    37.442620201239492
48.165905530709225    37.450825868857699
48.166541260959313    37.454555559563126
48.167865039552595    37.458401265845751
48.168814897914991    37.462125654336354
48.168922139294231    37.465829623454809
48.167353086915192    37.469234173662116
48.164923650300786    37.472468854205545
48.159183640533719    37.478562312792540
48.155220818515609    37.481002521420372
48.151051524441414    37.482612539675500
48.146007248016900    37.483486536390103
48.141435334037872    37.483828434306005
48.136956364567688    37.483901797697960
48.132202405051686    37.484395182796760
48.125683951169549    37.489728495750370
48.121546571144236    37.489787296389053
48.117100723313975    37.488886289641741
48.113150546718828    37.491337094466921
48.110321544618067    37.494129531267724
48.108274437506957    37.497381375058488
48.104702804099148    37.499575204417155
48.104663677094251    37.503456136173568
48.101529737023775    37.505571474905253
48.097294775141009    37.505904449116898
48.094091442898097    37.508097584887025
48.090515523395098    37.509679387131058
48.087100758340299    37.507928415360325
48.085344117344071    37.510887751896270
48.082865092285971    37.513520746086868
48.080111760785861    37.516042279877126
48.079946328594275    37.516856872528486
48.079409615041683    37.519497017242870
48.079690307898282    37.526353719438937
48.080438209808030    37.533037635804092
48.080631880218448    37.539841858412210
48.083406917020561    37.572306845888995
48.083477527875800    37.575811719520544
48.081221593238332    37.586560122315269
48.079620908551171    37.589563245199450
48.073752784571681    37.594713366936780
48.070475036218085    37.597000417669740
48.061303834219444    37.601026536244518
48.046115098155042    37.605765981704280
48.042352697592030    37.607126381202285
48.034908746201488    37.610850330856536
48.031671799874282    37.613348825380093
48.026354779994314    37.618885430740541
48.024488324026365    37.621945631087343
48.023368065771265    37.625090231992907
48.021168234701804    37.628206211129481
48.022514027390443    37.632584904572020
48.023304805841654    37.636154826606685
48.025002066368188    37.639146499341756
48.027124689010044    37.642032394348703
48.032080282613222    37.651462463033390
48.033523803355500    37.654684514514990
48.035932351426233    37.657462614479606
48.038486371164389    37.660407078156389
48.042806987272193    37.666154469236638
48.044689127593344    37.669123624673077
48.048036011013032    37.675528208087243
48.050147031248557    37.678401703609495
48.055025550774218    37.684056484997967
48.060933383476879    37.687209667835340
48.060915886846921    37.691268359125957
48.066497706867018    37.699520803599086
48.070972219191212    37.709872189178547
48.072911965807627    37.713110014117248
48.077400109025660    37.719217656527945
48.079828219111924    37.721880569607286
48.082723912725982    37.724312191084763
48.086210304471926    37.726270350380432
48.092146169536854    37.735274160441840
48.094567049130745    37.738177254731674
48.103020523126226    37.746328030615750
48.112821188031184    37.754074286628821
48.116103141341824    37.756168705963447
48.120013917413310    37.757611121669065
48.124122690225505    37.758342949796990
48.126933171568794    37.761073469402071
48.129201526816679    37.763854142917694
48.133253604205287    37.765205591217942
48.137084577246746    37.766880281357949
48.139919351171045    37.769390919862580
48.138735470429033    37.772617237358226
48.136494303186844    37.775314950393089
48.135867439098320    37.778522001217404
48.135921248412160    37.782066466704883
48.136994088754342    37.788796278392567
48.136792635985259    37.795516834995048
48.140436710375290    37.801378875884502
48.141012293880223    37.804571498487263
48.141145339404666    37.807814298699789
48.143470150200855    37.810492262863434
48.144692104150124    37.813770799604967
48.146113578142447    37.818638280574163
48.140650597178002    37.822830982902005
48.137461668787644    37.824864227629163
48.133581636036027    37.826150995150954
48.129893985628698    37.827696031716606
48.125839496749023    37.826391913549870
48.122404129608142    37.824609811691758
48.117955374339672    37.825452212986605
48.113693289064948    37.825709645003393
48.109443265444270    37.825208909036796
48.105274808297224    37.825165230265299
48.103783427844299    37.828209647150999
48.105115290531486    37.831360596642433
48.105364496877776    37.834752575654882
48.104798712585634    37.841970801334107
48.104979919522300    37.848654964786654
48.103790829899530    37.851848909093931
48.095845863129682    37.853312620184809
48.087016274311509    37.853736998406113
48.082657498427949    37.853579512900332
48.078622814439683    37.852537144862019
48.068125515871792    37.846910686592565
48.059791437736529    37.846666639066477
48.052750397388337    37.851311737856577
48.049793010521817    37.853796746978972
48.044806961016384    37.859399172385189
48.044048599430816    37.862916987580753
48.044232303187805    37.869756636734209
48.043265982579904    37.873024202734506
48.040716917651153    37.875859318604533
48.036845268859288    37.877849332817348
48.032777945393100    37.878693752274032
48.024462350579526    37.879259897075613
48.020262752485486    37.879956172479623
48.016476085952803    37.881217918780095
48.013807444010169    37.883872690265896
48.012942703740308    37.887229012864196
48.011830332912517    37.890404188248418
48.010058486083658    37.893506778133350
48.005955366351280    37.894764055542161
48.001355806584144    37.892059813338754
47.995892669685460    37.889775437773579
47.990710730893888    37.886510940107790
47.986490326402048    37.883052366338305
47.983553872175321    37.878188841816574
47.979921415163055    37.874433667137808
47.973921500335159    37.873115387973840
47.967445761078302    37.873497133299750
47.960988265055136    37.874595192872654
47.954408610889793    37.876580997052095
47.948716276123356    37.876063438945245
47.943013863475976    37.873860322686667
47.937477072816016    37.870858670646349
47.931184254178376    37.868417511042132
47.925342925894469    37.866992804195455
47.919626425427758    37.864706912767616
47.913729094964260    37.863442293612287
47.906964982261201    37.863645747800291
47.901477370167434    37.865794002153024
47.897304751384681    37.869416266217854
47.894377107573980    37.873637143104204
47.894072258336621    37.874076675505904
47.889631240536794    37.883473650779365
47.887836595509661    37.888633440569762
47.887784579219272    37.894331615279533
47.889411116623684    37.899665944202340
47.895802103664963    37.908561137291514
47.899554704632259    37.912178850550653
47.907903481595717    37.920226893575816
47.912913393619469    37.923752190490674
47.918179745085098    37.926719569080731
47.923884702766031    37.928686074092951
47.929780233312236    37.931111196790440
47.934489708904216    37.934500246958322
47.937638067090560    37.938842948534607
47.938160315921159    37.943746366215755
47.936681542372590    37.948505391797838
47.933403196574886    37.952954763202918
47.929994209015540    37.957134728067722
47.925881473756363    37.961633471338288
47.922859609136275    37.965913095745115
47.919855589881479    37.970712222563847
47.910164621106766    37.978132568286199
47.905094029991758    37.981752796565580
47.895105412959396    37.988010551342150
47.890377850832678    37.991356794037998
47.885867469706973    37.994963810811861
47.882136186660105    37.999156845389358
47.880580535243091    38.003984581910778
47.877699548332217    38.009020091285699
47.876319079189201    38.014079719232079
47.862904780329394    38.037562915885857
47.858773655485649    38.051489893300342
47.858582914365485    38.056455525873346
47.860849066216360    38.060950714067431
47.863856831518220    38.065553209577168
47.866062319635148    38.069971152658702
47.868084065939335    38.075078121730527
47.868979526959116    38.080135291483224
47.866471583099226    38.090498918729452
47.865237240113920    38.101595057225971
47.863131265101124    38.111658435767204
47.862706455451004    38.117161764455190
47.862756456379181    38.122656584283327
47.862210065905884    38.134306994359214
47.862073539323411    38.139809915162040
47.861490484626877    38.145340549342649
47.860330462119094    38.150860247437350
47.858631843838175    38.155964655000680
47.855903722478338    38.160336344102816
47.853592270191633    38.163225374949576
47.850331237999889    38.167561045476312
47.839306742436655    38.180550502811620
47.836281727841587    38.185113800532022
47.834372314637584    38.189783823583873
47.833365571691559    38.194618234657611
47.831164998392389    38.199536766027421
47.827644572116839    38.204027309925081
47.823506518837945    38.207971628315484
47.813693032339280    38.214798518090973
47.810321325930424    38.219089608424142
47.810153632156030    38.229093220862886
47.810964621738776    38.233909331671384
47.804977274793742    38.247780353459142
47.800826882474944    38.241325239379819
47.797335034658218    38.237263901545973
47.790817201232258    38.228551725744502
47.788330939334656    38.224034080599246
47.784684410819359    38.214572197345142
47.782230413128403    38.209776809479216
47.777124924079942    38.206710154007403
47.770658294179327    38.206460546782722
47.764571839232936    38.208548058133971
47.754732912686279    38.214602432069825
47.750354410892939    38.215488128742713
47.745382620391140    38.213030620235280
47.741094679849581    38.209592602020052
47.737402620742110    38.205914706351173
47.733191694663809    38.202541857626926
47.727676552671817    38.200451726431211
47.721678752958475    38.199768433585845
47.716141848763684    38.201327347682771
47.715012433656604    38.202149256811573
47.711603861231744    38.204627461826341
47.709151194010097    38.208887718207677
47.707344954752934    38.213306715244975
47.705146891051527    38.217728508218016
47.702279097501687    38.222093812257356
47.697181097371512    38.224268949582495
47.692810128509230    38.227727028269221
47.687425031532804    38.229450595323286
47.681602123838545    38.228328429175370
47.675588393264775    38.227428674621834
47.669674021768728    38.227208343549123
47.651466246495758    38.229457536621027
47.645470150750704    38.228868871494427
47.639232662262877    38.228592395347604
47.633139084283698    38.228058137634797
47.621263169086923    38.226051937114363
47.616903620851794    38.227068111950231
47.612783024653247    38.228507357949105
47.606966401909681    38.227970554703958
47.602409091504171    38.224811998498602
47.596891923169849    38.223162987926621
47.590927415054864    38.223630862360316
47.584927366581155    38.222935738323784
47.579143090507074    38.221150460988333
47.567374500099000    38.218172464505521
47.561437918017546    38.219135386868608
47.555928401609776    38.220738623924568
47.551137694202914    38.223813144047838
47.545373283152671    38.225019966501044
47.533658493155123    38.222226101507566
47.530776061429577    38.222950103298338
47.528308215434961    38.223569316787184
47.527150541003628    38.228137013957863
47.523776433272573    38.237226412984704
47.521364859420288    38.241669978541971
47.516618626143021    38.244808427849790
47.511096340809480    38.246530743158289
47.505268028015507    38.247940902968971
47.501312965841223    38.248483719970849
47.496600160941192    38.247974640636343
47.490064380512436    38.245639231333925
47.484864957750005    38.242759083761712
47.479131620701935    38.240939360539173
47.466967997513358    38.237961348777311
47.460641477002206    38.237177124181372
47.454882854806030    38.236969547093111
47.448427082932007    38.237072820524354
47.435441517489203    38.236852871662400
47.422850556209958    38.237923637730731
47.417254943486775    38.239603660979611
47.412054074205201    38.242128808207710
47.410648610740218    38.242670191919785
47.406224704177411    38.244372866319907
47.400220986737011    38.246097239326630
47.394376593790021    38.247189069372631
47.388432901888009    38.249388444629460
47.386541969530775    38.252949989354590
47.384278369792881    38.257994974762447
47.381548063232209    38.262305648756247
47.378300630635302    38.266833554629301
47.373898574160698    38.270296999649233
47.362171038386762    38.274972806511229
47.356305565624289    38.276587393615202
47.350526978967849    38.279533641439635
47.344668365340247    38.282156130860443
47.339978175911270    38.285818960321933
47.336418726628757    38.290209834744289
47.333211485625462    38.294786977858983
47.330612751211227    38.300002000407027
47.327835571382828    38.304336107943215
47.323948461002701    38.307629020371287
47.323235052533093    38.308233421214844
47.319094890607985    38.309757349253147
47.322995087392805    38.314568748529297
47.326223151137711    38.318981815921859
47.329782336726048    38.323197573757888
47.334586067519041    38.326585564455883
47.338765240329735    38.330586741477845
47.343855568371119    38.333777139464424
47.355349082091386    38.339751322927761
47.361681898320228    38.342611366691948
47.367236791323869    38.345692233265396
47.382267506716552    38.356504605023346
47.386104649983373    38.360576905427671
47.389143516674089    38.365310276274599
47.392682565237287    38.369662220450955
47.396599339679845    38.374003472676087
47.411252077536844    38.384942462981662
47.416564242229086    38.387969450296282
47.422319579070681    38.390685101707071
47.426821147826672    38.394479237060679
47.429888874154656    38.399028163818166
47.432354838377201    38.403878031535932
47.434416173475626    38.408831609024503
47.435867677734159    38.413744985403049
47.441442842388341    38.429159878013884
47.445460270988065    38.438776375751694
47.448546329554055    38.448877674072676
47.454907757716533    38.464753299248066
47.458267600739561    38.469123903837328
47.462091893477819    38.473468747614476
47.477939440963375    38.489663331233764
47.480544054400873    38.492400488172656
47.483933429365457    38.496717563749826
47.486154124117732    38.500625566542062
47.490970105718006    38.504399037637242
47.495434339704886    38.508328341117732
47.499076260797750    38.512318654424725
47.499716568493810    38.516998365032769
47.503756431659149    38.526139799974651
47.505338489819955    38.531098981880383
47.507763087685127    38.535841508611696
47.510566487728290    38.540549473880397
47.511061545831716    38.540953550867684
47.515077585088534    38.544228121979671
47.520514155967128    38.546373896421080
47.533453127179094    38.548633935269820
47.539736906780767    38.549140027687443
47.545776449163192    38.549940988833313
47.551480624373653    38.552962973006451
47.554996988513615    38.557335291954800
47.557526472660783    38.561880304699216
47.558941231695563    38.567123715119543
47.561097432324338    38.572961518539039
47.562858307169314    38.577253396006554
47.563704461497501    38.582393889584353
47.568134170976712    38.601867742633168
47.568666405799135    38.607705605337443
47.569455530206120    38.612804762549949
47.569852790006522    38.617886162060394
47.569803220166293    38.628408469573685
47.570160202528591    38.634016134722934
47.569962905299974    38.639481331393569
47.569281175684779    38.645798914878995
47.568236634182171    38.649611294085510
47.565996123832775    38.654665685631045
47.563056270615078    38.659217637548046
47.557550873637844    38.661619348378359
47.551283269239093    38.663066869816767
47.545005634566301    38.665270149806446
47.511061230552841    38.681313624874285
47.505449266130434    38.683389954979916
47.501057711075802    38.684773237813253
47.496308213383003    38.684676545923566
47.490043943732459    38.686124808820551
47.470788518410401    38.691346879601994
47.457721587710743    38.694536003124874
47.452212128675832    38.696591565673856
47.452175877248457    38.697092269359203
47.451111106826389    38.711788333692681
47.450352844977246    38.717511020891152
47.450167656528521    38.722846871523792
47.449610276421055    38.728252154001218
47.449562088163361    38.733704743339700
47.449176091399934    38.738767593696728
47.449524122772260    38.744002260865130
47.451505635297181    38.749407688358779
47.450619794380238    38.754592093226677
47.451422685726328    38.759731903546111
47.452820356428347    38.764696120782858
47.455697823967533    38.768477021577148
47.455984465069697    38.768852918429673
47.466628452351380    38.775293754792116
47.472837373856066    38.778368695740880
47.479255133154851    38.780753264473987
47.484671147305988    38.783317005830455
47.491113502389958    38.784347857430809
47.497223724461513    38.785621915043691
47.502056118927257    38.788085797522633
47.504235940666618    38.791919210493411
47.512154757281749    38.799825355698893
47.521304839503351    38.806761978206637
47.526172190845877    38.810127780601221
47.532490796998147    38.811995596657098
47.546218745769416    38.813147450299816
47.552594145775764    38.814271942851448
47.558108357003761    38.817002247102849
47.562642586848924    38.820529248435598
47.565668309728672    38.824668125259912
47.567949263325602    38.829322962950087
47.568893628643785    38.833316996110682
47.569195333628969    38.836858814374864
47.569204847786082    38.842040711125385
47.568277123839131    38.847282177646051
47.567040974324009    38.852028998623631
47.567051140359851    38.857026493502389
47.567705609253714    38.862155925376015
47.567381264346899    38.865323719885865
47.566507989832374    38.879439772494180
47.566767847567689    38.884607379224512
47.565795389703254    38.889585590352425
47.562577424325653    38.893916878866854
47.557168683333408    38.895856550040094
47.544276097877415    38.896813113625619
47.537177287443455    38.896870792870864
47.530884716659557    38.897343319983150
47.524476618365121    38.898677416934049
47.519112846291755    38.901232375848586
47.515964631744474    38.905898535216160
47.514107455044126    38.910783074350611
47.514420899508323    38.915677916117296
47.516833895052223    38.920404321447734
47.519848083602888    38.924797819753216
47.521292836455068    38.929688585323362
47.522430064262629    38.934531877982501
47.523457124658862    38.951274437245516
47.523677352833452    38.954862216547603
47.524917598190811    38.959573115544671
47.529518173805585    38.962669446042341
47.535612254927855    38.964166789631193
47.548932381571511    38.966216161504562
47.561183002320952    38.968789305361199
47.566870706741341    38.971194783004940
47.569494483804924    38.975493680671633
47.568108708206843    38.980297374067376
47.563371195768994    38.983360115351772
47.557058114754383    38.984470072433297
47.550995067315540    38.985189551316374
47.538634321651763    38.988230752066386
47.532145888561544    38.990366915852029
47.526715162239533    38.992849110372333
47.514926685382839    38.996998663298967
47.508802601338580    38.998270547068699
47.502309062977936    38.997780812193518
47.500521458034513    39.001333161516541
47.505302645287259    39.004539809409962
47.511457457103347    39.006604854278351
47.518509090989262    39.007947771625084
47.524020170837723    39.009966594777303
47.526044327445895    39.014734838831366
47.527816046697581    39.019803140003290
47.528418509421108    39.024836501198067
47.524436415318412    39.027663377750066
47.518463033169162    39.026749135972800
47.512496661032209    39.027838964587808
47.508633803479931    39.031641680138954
47.506849393712265    39.036537514224179
47.508419045824169    39.041265885664018
47.514552008934515    39.043023906886084
47.521128676764327    39.042226183170968
47.524083706746673    39.044593525346137
47.520346996109538    39.048692324833404
47.525579416670531    39.051036597222058
47.528158180370468    39.054843676430444
47.526064647540920    39.060095310465343
47.526239122144311    39.064949306513419
47.527393308211003    39.069859312691328
47.530551662802090    39.074828440222724
47.532498180240623    39.079792047767995
47.533357025139601    39.085072897379398
47.530979778099102    39.088775318216072
47.525894960941763    39.091501895233648
47.522157995544802    39.095686911923458
47.520710180581631    39.101029767119016
47.520641520175005    39.106101920399084
47.522436961345846    39.110908708377053
47.523007924614973    39.116306862941101
47.519917166137496    39.126414438790640
47.520143339730552    39.131558892698109
47.520860392085737    39.136450606046459
47.522658971176291    39.141808616396197
47.525989457515692    39.146556149588065
47.528833424291896    39.151204949224379
47.530937956311760    39.156051752513754
47.532494897961669    39.161122639395437
47.532588861195599    39.166198551175633
47.531793392734009    39.171393479354542
47.530480601605227    39.192410456799806
47.528812940777804    39.202636562031927
47.527086045980212    39.207538272434469
47.522565976438145    39.217027602488152
47.517608371994314    39.225495175682632
47.517174704210809    39.230795510634543
47.517318205024623    39.235572184422381
47.514576594727316    39.245360616557825
47.515030793109140    39.250250875005186
47.498262955810056    39.253297079355811
47.494905060344060    39.256952902603835
47.493331491726913    39.261656804118907
47.492750005498003    39.266668919367270
47.493475528597237    39.271592360479779
47.496058690197934    39.281348730199980
47.497670040824843    39.286110274875348
47.499117056785352    39.320158748130616
47.491626358371917    39.325959366523229
47.485999351495536    39.328818272680216
47.480537371256133    39.331180846272765
47.474183178488737    39.332549293816669
47.467984620715370    39.333135765217349
47.456889795469792    39.338973627644677
47.445052538647587    39.344341276873813
47.428251255398592    39.353449801319719
47.423955232319130    39.357215005271279
47.415200730740565    39.365864130254678
47.411321282675260    39.370042069680800
47.407554150986812    39.375553334150851
47.401664369404500    39.385237857696652
47.395908950813194    39.395772679208591
47.391085179721223    39.405488252095886
47.388263279505381    39.410226554058994
47.385457075174529    39.415702993874895
47.380790465701693    39.419073562339527
47.371173234699882    39.424506097599149
47.362379984999805    39.428967008259399
47.365670424135807    39.431127349801422
47.371539412990622    39.432845882172245
47.377633715300306    39.432980179414393
47.382707428838671    39.441755251628308
47.386601681106008    39.444897394751266
47.388267129614562    39.449310029016338
47.386283047270489    39.453738620654228
47.388818143012998    39.458569601597290
47.394074592584083    39.461121252987255
47.395059869794615    39.465796743309170
47.407306487555836    39.467375270293616
47.412932419096215    39.466251610718423
47.419237612029136    39.467246001075935
47.423521045935573    39.470988160949197
47.429249848267133    39.473038219629579
47.435356341043835    39.474439668732572
47.440131959984058    39.477514828971700
47.445636055707730    39.480378119156903
47.450826482407791    39.482626699302806
47.456601705556565    39.484369101334785
47.461695467197046    39.483627367319244
47.467149900147241    39.481476442794211
47.472702042253140    39.482373565359410
47.483252470569354    39.488149094815050
47.489927466164495    39.488568641338233
47.496132309228038    39.489507329590275
47.501377637765231    39.491290752308117
47.503141369047135    39.498070352468993
47.509548344502171    39.498973165293741
47.515376213323599    39.500709795609907
47.521491684295995    39.499183158457562
47.527134493770163    39.499616563381878
47.531819339597611    39.503518640023344
47.537624206460713    39.505699778510667
47.542582303084117    39.509263186482187
47.546860214843541    39.512832143864273
47.553178327634207    39.513202280912886
47.559398468736525    39.513822191582371
47.563679037530122    39.517369342268381
47.572952262070068    39.529437343266771
47.578223808407010    39.532489972523422
47.578761582651197    39.532891323570418
47.586028688857283    39.538316926444374
47.596111175435652    39.535911959379973
47.602092817162465    39.537404925451575
47.603232795322185    39.542163330246240
47.609192215776723    39.543835532644565
47.615522141893088    39.545027845540091
47.621150238419204    39.546504375403657
47.623420559667665    39.550956565659099
47.629032948844866    39.553417076087371
47.634268963731301    39.556643914640595
47.640111806348692    39.558798324602535
47.644648432980567    39.561849417653768
47.650477543095548    39.563510157025227
47.654684922752942    39.567398103777691
47.659560207922191    39.570831292202143
47.662216086584905    39.575235403289135
47.666753411032118    39.578680502632054
47.673186691953227    39.579267756196003
47.679686381194060    39.580567936795937
47.684996669642345    39.583146354052793
47.691358156492541    39.583253713079600
47.697647213026798    39.582416177112151
47.702073076868359    39.585564216761789
47.707374336378017    39.587803587343068
47.715109615977902    39.595703944144553
47.727468317360177    39.598003107698574
47.733699087988256    39.598202224650557
47.738650898255763    39.601026502535866
47.742727167647843    39.604716605151296
47.748048477826892    39.607044852600332
47.752509246013794    39.608007358181062
47.755426208560557    39.612292002869353
47.759675914189742    39.616270973172533
47.764398827806666    39.619664636136925
47.768626578583010    39.623240643455780
47.774975424301545    39.623910930849640
47.779849855108644    39.626864460009919
47.782965365013588    39.631330061397975
47.781868872232224    39.636140060745056
47.786803828439318    39.639054486843278
47.789657559478506    39.642562255663883
47.791425058078957    39.647357272920424
47.794348345592773    39.651736166754617
47.799153513658510    39.653660400708972
47.805196174459013    39.653774521262868
47.809803364108447    39.656558561338336
47.820969625516291    39.659944773813962
47.826803309127591    39.662125562763080
47.832158070197487    39.664616318381825
47.838168929205430    39.663056372983384
47.843959511339733    39.663134877740511
47.848515929388839    39.666640800605343
47.854285185700775    39.665911497667153
47.859713801778781    39.664168391979089
47.865594358791341    39.665351384977136
47.868971565497901    39.669361848236456
47.881387616812262    39.667694051941552
47.887962490016960    39.667795881770218
47.894324182862029    39.666178625751087
47.899540936820777    39.663225545965020
47.905674605325693    39.660810225150755
47.910421964979349    39.663678795192453
47.911262322480027    39.668793503476721
47.916462188932925    39.671916443686413
47.922221281573279    39.670914668050109
47.926971824926795    39.667165921068651
47.930819167410924    39.671022990642925
47.935896155479206    39.673975910701927
47.937884007314885    39.677186740790049
47.942030981722802    39.678850825596093
47.947832453710745    39.681179446474552
47.952203472766001    39.684725961882208
47.957625370058913    39.687292896932007
47.962172055559186    39.690712245626344
47.968086662644517    39.691917890148645
47.978914989209109    39.696932773920032
47.978297582268567    39.701521029981144
47.975504774750327    39.705960177782025
47.975513191213054    39.710744262502821
47.979849066550464    39.712497182820464
47.985252189226586    39.712415545756656
47.993370335612390    39.711171948711751
47.997449400860091    39.710283413823149
47.999502467432229    39.706846273425100
48.001889115891373    39.704117915496226
48.008220654379819    39.701982775629212
48.016255070907043    39.699969394425423
48.020769665105909    39.698457924807997
48.024556901019530    39.696585784024172
48.028545930334616    39.695174310680379
48.032301543839843    39.693510264474739
48.038390220420077    39.687924968473389
48.042208060501459    39.685039950746564
48.045309756997177    39.682273717448069
48.047974696247636    39.679315587289324
48.056736143935339    39.671067563641259
48.059900588966592    39.668450602380553
48.062919929524966    39.665617518186892
48.078310041394055    39.653411680610574
48.081152241244553    39.650722940027848
48.086766048211153    39.644643525069611
48.094994509225252    39.636535497213522
48.107078955563729    39.624815938329739
48.117347265618399    39.616801589904348
48.120826241942304    39.614609403982229
48.129647539697267    39.606692903488330
48.136228068413324    39.601260786756313
48.141700974354755    39.595374539606205
48.144450639814224    39.592744240652706
48.153923131474315    39.584629745635063
48.156671958066511    39.582030534639664
48.163203090306702    39.576848324529088
48.171038029933250    39.569180253336903
48.174033098759857    39.566501492409053
48.186083806510879    39.556267664947427
48.194979757594602    39.547645237641213
48.212968528250833    39.530727573300069
48.225646659877015    39.520734227562393
48.235114723666207    39.512478669744155
48.240527970329723    39.507081091922778
48.246186274525101    39.502246668086961
48.249436189573615    39.500166895031519
48.254784357874101    39.495414272395912
48.281111485080366    39.473227953208500
48.284074437078459    39.470729877120625
48.288230438307160    39.466882164135917
48.301928944824887    39.454196091020172
48.305252863534093    39.452115767812913
48.307334083839130    39.449335869823670
48.310832116679748    39.446705173861488
48.314108876832954    39.444546358925450
48.320316913444920    39.438058957637310
48.327963778955592    39.431492367085923
48.330854548039127    39.428446396628622
48.343564431690503    39.416498169750874
48.344854169523671    39.413419746800081
48.346891474295958    39.410263680174133
48.352212471481231    39.404317533020851
48.361123077693989    39.392619395692428
48.364847497162721    39.386479321805467
48.366933596119736    39.383526810751327
48.368310641585801    39.380471828958584
48.367801018722808    39.377275492635675
48.369074373581839    39.374197078798552
48.361515670222254    39.372223011376647
48.357621792785828    39.370869197062262
48.353361172515136    39.370465985882319
48.349074404574665    39.370675278325002
48.345080743164473    39.371826806218905
48.342015918387617    39.369653333078645
48.337888796820273    39.369306823321430
48.335949874188898    39.366442010702052
48.331794037962901    39.366095225253446
48.328411517990261    39.364112295506317
48.320102881040185    39.362528482976550
48.315913724534411    39.362548941674916
48.311844503818087    39.361663228187382
48.309260796429314    39.358805620485533
48.307059619283415    39.355957299367951
48.304093532185512    39.353587252581953
48.299902557975948    39.353034874763630
48.296551098999245    39.351028778828393
48.292337037014839    39.350669301929742
48.289300114616040    39.348369948278417
48.285304189710097    39.347415772861666
48.281742898910586    39.345751609449451
48.274006748364528    39.343043327747296
48.270730575333531    39.341069989771164
48.266581045858437    39.341373328694822
48.261569470536045    39.338667507485063
48.257234725952230    39.334280089011699
48.252944021703172    39.334278524505947
48.249454315269801    39.332501994149389
48.242124582711753    39.334481588815436
48.238264048888773    39.335723240702706
48.234296065545195    39.336674057979756
48.232979125824379    39.333574679689136
48.230794475374687    39.330747964735203
48.226778760036211    39.329680021701037
48.223615966111730    39.327464502090031
48.219978906740813    39.329039496056339
48.215758050501321    39.328763673499800
48.211792732893599    39.329835149186970
48.208019562053963    39.328478516286864
48.206470951144112    39.325360998255391
48.202880776295643    39.323603561960105
48.199720007117300    39.321432388491125
48.196130272913557    39.319688228933259
48.195275759477951    39.316316368013325
48.193956777699334    39.312955952552713
48.190338946380166    39.311242925714595
48.186264798533124    39.310036492361547
48.182344177809497    39.311166284459986
48.179170722394893    39.309039994991345
48.175300547089535    39.307843117149126
48.171826006702666    39.305947185587179
48.167644892334984    39.305314624583374
48.166157186735930    39.302205765816893
48.162897183495780    39.300073041098152
48.159911063308378    39.297783714677841
48.157169035913192    39.295274782444018
48.153651895187608    39.293356248993710
48.154895461152130    39.290214861791874
48.152226186595435    39.287708920407091
48.152466136312917    39.284480327175793
48.145720626981777    39.280445400971701
48.146280116931152    39.277229476585745
48.142133917277903    39.276821997488575
48.138949550223266    39.274738925601866
48.134995986391580    39.273636982418033
48.130698930645103    39.273779275883001
48.130171371278216    39.270472358701916
48.133280106668487    39.265037080937290
48.135297415166249    39.259293920608627
48.134274208386991    39.256057439174583
48.132312310084195    39.253148311021590
48.131232319275796    39.249946327340226
48.131542250142850    39.249535523864935
48.133518149523937    39.246917458330046
48.133861134277865    39.243016242708052
48.135940263380945    39.236770416221376
48.135368150432015    39.233400710207412
48.137888544087403    39.230669217865774
48.140846384475090    39.228048690961195
48.144127397385446    39.225985371256137
48.141048972180016    39.219855649765236
48.145051138007958    39.213981329489762
48.143227314308056    39.210764879450124
48.145862007056991    39.207884326511156
48.147754062802996    39.205061317465002
48.155111722382173    39.200502766704254
48.159303266970589    39.200055569383551
48.159532138322696    39.196741713359685
48.163297441841245    39.190684673516294
48.167297891276910    39.190057230991641
48.171425449381736    39.188773993196691
48.175529468227936    39.188360699623495
48.177521542612809    39.185534804436067
48.181281985783741    39.183815605052189
48.189244164812827    39.181106459237981
48.192257828859390    39.178792412131592
48.195918298249296    39.177420983040669
48.202459269861471    39.178096133621416
48.205676809172218    39.175848922294762
48.209360333016626    39.173627241041650
48.212692049517877    39.171116468197006
48.220454381082817    39.162856010921274
48.219166825510385    39.159672263561824
48.219391992724752    39.156348994218966
48.221512179313073    39.153467227195499
48.223077388229214    39.150347236248138
48.227349342904631    39.149304233616945
48.227283232596307    39.145992000431015
48.231082773414393    39.141969488822284
48.231379347498248    39.138499844442542
48.233748092291556    39.135933794673591
48.237488542049832    39.134028035403389
48.241744725639180    39.133019834468307
48.247144446179348    39.131152082055529
48.253462111683199    39.129396204080855
48.257806062613511    39.129466716071995
48.261973567754325    39.129150132909459
48.265319070272334    39.127256001405947
48.269470657748478    39.126403027630339
48.272391236378667    39.124120198022318
48.276356501030577    39.125149595579913
48.278485474695337    39.122312142874797
48.282299005707479    39.120923541609372
48.283812914395014    39.117891517689102
48.287965932632737    39.117844096514538
48.296268320697301    39.116410544316338
48.298996754625684    39.113911324239353
48.302310536826468    39.111974518735266
48.305845324864329    39.110317523340228
48.305251739028513    39.107132224633069
48.305389905141460    39.103919433305158
48.303072726681116    39.101252907228137
48.302567081425678    39.097939892265686
48.304825859823566    39.095190493721852
48.308681848521857    39.094005017688531
48.311321150491608    39.091507326134561
48.315309433307561    39.090549534861289
48.317537644200101    39.087686352589124
48.318386908704177    39.077799794446072
48.320000400738515    39.074764641957415
48.320985377079147    39.071585086997842
48.323959987576650    39.069293197027683
48.324490978424393    39.065954125624579
48.324656759793626    39.062741113352956
48.327631223742259    39.060507493383014
48.327606457829624    39.057205583071401
48.331416000613842    39.055869294141274
48.332721584955323    39.052754690528083
48.332638334186683    39.049478350141676
48.333728701509123    39.042822404307607
48.338327222209223    39.037360313681361
48.336580237271491    39.034428241872192
48.335883806514829    39.031195614107290
48.332636730754764    39.025021657231555
48.328151228933031    39.019388228599375
48.327455044508348    39.016168916651175
48.324702190548116    39.013615220679263
48.321396347966392    39.011624255160875
48.316154573943976    39.006530970487454
48.314729134902862    39.003371647556826
48.313837676811069    38.999792425262164
48.299327060034152    38.990840029040157
48.296167157660783    38.988225632748609
48.296958017504835    38.981893240296749
48.293259869000032    38.979261512374087
48.288046914085157    38.973632203429567
48.274658136981678    38.969081163042098
48.262365339954457    38.964135212806745
48.248963202371698    38.960004212206677
48.244025705252469    38.961580913729335
48.235724456868788    38.963803979345712
48.230770971201196    38.962267635202409
48.226425728517292    38.962452966899924
48.222016364962904    38.961725750291301
48.217963745246976    38.960489262476983
48.214705647589554    38.958420946062290
48.211873441325302    38.955736339363895
48.207076271299613    38.956341827852235
48.199381808246486    38.957918360752913
48.191122818463796    38.958540199139875
48.182741506110268    38.956747282138906
48.178117228846880    38.957212104175539
48.173840122175292    38.958023107426584
48.169425943206427    38.957528650085500
48.164792980565373    38.957380566386810
48.160509181338014    38.956879110732885
48.156540672271532    38.955904920180373
48.152722426839155    38.954307082080405
48.147505037432282    38.948715168453617
48.143174511315678    38.948870360541797
48.139248362107374    38.950139182959695
48.134811092935472    38.950161424601170
48.130595770429245    38.949152077572890
48.126414130454712    38.948652835421456
48.122149020065635    38.947848819366612
48.113834590724068    38.948512907569572
48.109776965128880    38.947444648807853
48.105749805031174    38.946033918569718
48.101358007392527    38.946865698423593
48.097028185999662    38.948208838427966
48.092895659092726    38.949002309144142
48.088705708574082    38.948271277243990
48.088107867304785    38.947346490256017
48.082842413603885    38.939205708894335
48.082019761106579    38.935802254527140
48.080716513510772    38.932742648013111
48.080352984040793    38.922972850077898
48.079218922675217    38.919768955019336
48.077400229104754    38.916853865066898
48.073476195174578    38.915809332643960
48.066108323417176    38.912183179554368
48.053872697793757    38.909968943470744
48.050012605648504    38.907282068831655
48.046045201299691    38.905844994625042
48.042316230180781    38.904184715835747
48.038542477886843    38.902855952133145
48.030426560078311    38.900913075526759
48.026461922504950    38.901890562165391
48.025025521875683    38.904975280785905
48.023073043437314    38.907835958146059
48.022136818798856    38.911131559791805
48.018131594482043    38.912189000766411
48.014661047377942    38.910452974681426
48.011814863040158    38.907934773287330
48.010340560234233    38.904915982720851
48.008405955855729    38.898402275095229