  51.46240033868872  35.74089952430030
  51.44377567392937  35.74286722684488
  51.43829566346447  35.74292259767969
  51.43525133220153  35.74264114909897
                NaN                NaN
  51.42022609543714  35.74081772108149
  51.42026507856532  35.74082004245519
  51.42030400606745  35.74082291816930
  51.42034286609228  35.74082634732852
  51.42038164679237  35.74083032891131
  51.42042033635991  35.74083486168051
  51.42045892302406  35.74083994427353
  51.42049739500889  35.74084557512921
  51.42053574060883  35.74085175255263
  51.42057394813589  35.74085847463278
  51.42061200596056  35.74086573935158
  51.42064990249300  35.74087354447536
  51.42068762618062  35.74088188763595
  51.42072516554222  35.74089076629531
  51.42076250914629  35.74090017773597
  51.42079964559848  35.74091011910603
  51.42083656360965  35.74092058736627
  51.42087325191678  35.74093157934280
  51.42090969936231  35.74094309166543
  51.42094589482530  35.74095512084749
  51.42098182730108  35.74096766321520
  51.42101748583374  35.74098071494263
  51.42105285955987  35.74099427207030
  51.42108793770989  35.74100833046029
  51.42112270959614  35.74102288582302
  51.42115716462323  35.74103793374465
  51.42119129231193  35.74105346962413
  51.42122508224234  35.74106948872635
  51.42125852415306  35.74108598619327
  51.42129160783262  35.74110295697834
  51.42132432320535  35.74112039592958
  51.42135666032264  35.74113829771724
  51.42138860931645  35.74115665690488
  51.42142016046755  35.74117546788779
  51.42145130415970  35.74119472494609
  51.42148203091391  35.74121442220930
  51.42151233135467  35.74123455367374
  51.42154219626475  35.74125511322178
  51.42157161655336  35.74127609457586
  51.42160058324371  35.74129749134360
  51.42162908751703  35.74131929702747
  51.42165712069229  35.74134150496141
  51.42168467423458  35.74136410840116
  51.42171173974621  35.74138710045182
  51.42173830897668  35.74141047410425
  51.42176437384427  35.74143422225354
  51.42178992640418  35.74145833765312
  51.42181495888040  35.74148281296073
  51.42183946363278  35.74150764072851
  51.42186343320179  35.74153281338604
  51.42188686028560  35.74155832326679
  51.42190973776222  35.74158416260870
  51.42193205864606  35.74161032352613
  51.42195381614157  35.74163679806514
  51.42197500361174  35.74166357814867
  51.42199561462068  35.74169065563154
  51.42201564289045  35.74171802226358
  51.42203508230084  35.74174566969848
  51.42205392694380  35.74177358952208
  51.42207217106871  35.74180177323324
  51.42208980913770  35.74183021224476
  51.42210683574790  35.74185889789105
  51.42212324574183  35.74188782143931
  51.42213903409729  35.74191697406921
  51.42215419601454  35.74194634691984
  51.42216872688496  35.74197593102574
  51.42218262226706  35.74200571737990
  51.42219587792024  35.74203569691607
  51.42220848982736  35.74206586049132
  51.42222045413818  35.74209619892997
  51.42223176720356  35.74212670298828
  51.42224242557523  35.74215736336333
  51.42225242601572  35.74218817072932
  51.42226176546635  35.74221911570101
  51.42227044109107  35.74225018884338
  51.42227845024286  35.74228138068918
  51.42228579047419  35.74231268175708
  51.42229245956105  35.74234408248903
  51.42229845546704  35.74237557333977
  51.42230377636796  35.74240714469615
  51.42230842062698  35.74243878696674
  51.42231238684157  35.74247049049265
  51.42231567380814  35.74250224561902
  51.42231828051132  35.74253404268568
  51.42232020616891  35.74256587200100
  51.42232145017616  35.74259772385892
  51.42232201217122  35.74262958856722
  51.42232189198067  35.74266145641940
  51.42232108963037  35.74269331770389
  51.42231960536697  35.74272516272264
  51.42231743964744  35.74275698177262
  51.42231459311665  35.74278876515468
  51.42231106666213  35.74282050319248
  51.42230686133697  35.74285218622205
  51.42230197843743  35.74288380458422
  51.42229641944662  35.74291534865962
  51.42229018604694  35.74294680882385
  51.42228328014045  35.74297817550200
  51.42227605816249  35.74300803852442
                NaN                NaN
  51.41649166478413  35.74040303195410
  51.41675403278836  35.74045852726918
  51.41701517327221  35.74051774690118
  51.41727500671131  35.74058067280605
  51.41753345400136  35.74064728582143
  51.41779043644696  35.74071756566659
  51.41804587579480  35.74079149094297
  51.41829969425538  35.74086903914365
  51.41852433024933  35.74094113864722
                NaN                NaN
  51.41588861127362  35.74155982554339
  51.41598147407053  35.74150147662909
  51.41607557162314  35.74144445788764
  51.41617087526116  35.74138878666928
  51.41626735596146  35.74133447992944
  51.41636498432624  35.74128155421937
  51.41646373063938  35.74123002565110
  51.41656356479930  35.74117990992315
  51.41666445641957  35.74113122228660
  51.41676637476110  35.74108397758874
  51.41686928877867  35.74103819020177
  51.41697316714132  35.74099387407755
  51.41707797820000  35.74095104271969
  51.41718369003235  35.74090970916649
  51.41729027044243  35.74086988600003
  51.41739768698221  35.74083158536444
  51.41750590690935  35.74079481890220
  51.41761489729520  35.74075959783728
  51.41772462491699  35.74072593288280
  51.41783505636707  35.74069383428845
  51.41794615801992  35.74066331183064
  51.41805789603217  35.74063437481269
  51.41817023636530  35.74060703204708
  51.41822662799655  35.74059395969618
                NaN                NaN
  51.42392036569200  35.74071131277682
  51.42435528532653  35.74069675270361
  51.42479045028365  35.74068838191689
  51.42522572810958  35.74068620297997
  51.42566098630829  35.74069021655401
  51.42609609239640  35.74070042140850
  51.42653091391348  35.74071681443939
  51.42696531851067  35.74073939066171
  51.42739917397314  35.74076814319226
  51.42783234820757  35.74080306329415
  51.42826470938705  35.74084414033478
  51.42869612588436  35.74089136179349
  51.42912646638098  35.74094471330878
  51.42955559987912  35.74100417864251
  51.42998339575685  35.74106973968086
  51.43040972377792  35.74114137647079
  51.43083445418034  35.74121906721258
  51.43125745766547  35.74130278825070
  51.43167860546365  35.74139251409311
  51.43209776936672  35.74148821742985
  51.43251482179420  35.74158986913438
  51.43292963577134  35.74169743825416
  51.43310510488531  35.74174490670220
                NaN                NaN
  51.42229067912967  35.74400987207866
  51.42230706109640  35.74394110921944
  51.42232491251380  35.74387258990743
  51.42234422796078  35.74380433503600
  51.42236500153346  35.74373636537160
  51.42238722690905  35.74366870163616
  51.42241089731485  35.74360136443440
  51.42243600553852  35.74353437428103
  51.42246254391784  35.74346775157353
  51.42249050438436  35.74340151661106
  51.42251987839822  35.74333568955700
  51.42255065702437  35.74327029047675
  51.42258283086768  35.74320533929106
  51.42261639015057  35.74314085576881
  51.42265132462346  35.74307685956122
  51.42268762366567  35.74301337015869
  51.42272527619641  35.74295040690718
  51.42276427075328  35.74288798897363
  51.42280459544695  35.74282613538119
  51.42284623800699  35.74276486495594
  51.42288918574739  35.74270419637140
  51.42293342556793  35.74264414810337
  51.42297894399805  35.74258473843995
  51.42302572717483  35.74252598548096
  51.42307376084351  35.74246790711997
  51.42312303037956  35.74241052104482
  51.42317352075558  35.74235384473687
  51.42322521660812  35.74229789545429
  51.42327810217084  35.74224269024887
  51.42333216135325  35.74218824592233
  51.42338737768407  35.74213457907048
  51.42344373432391  35.74208170602926
  51.42350121413053  35.74202964291213
  51.42355979957173  35.74197840556321
  51.42361947282353  35.74192800960435
  51.42368021569438  35.74187847037963
  51.42374200969122  35.74182980296549
  51.42380483597446  35.74178202219706
  51.42386867542540  35.74173514263328
  51.42393350859144  35.74168917853803
  51.42399931571799  35.74164414392553
  51.42406607677236  35.74160005249795
  51.42413377140907  35.74155691769865
  51.42420237901562  35.74151475265918
  51.42427187868987  35.74147357021668
  51.42434224926189  35.74143338292343
  51.42441346929500  35.74139420301078
  51.42448551710708  35.74135604241668
  51.42455837073799  35.74131891276689
  51.42463200801610  35.74128282536741
  51.42470640650276  35.74124779121234
  51.42478154352605  35.74121382096643
  51.42485739622465  35.74118092497515
  51.42493394148131  35.74114911327229
  51.42501115596864  35.74111839552672
  51.42508901619117  35.74108878111549
  51.42516749843278  35.74106027903248
  51.42524657877586  35.74103289798808
  51.42532623313765  35.74100664630166
  51.42540643725736  35.74098153196445
  51.42548716671796  35.74095756264896
  51.42556839691518  35.74093474563628
  51.42565010312195  35.74091308788046
  51.42573226044499  35.74089259598054
  51.42581484386928  35.74087327617259
  51.42589782823513  35.74085513435604
  51.42598118826222  35.74083817603131
  51.42606489856922  35.74082240638118
  51.42614893366465  35.74080783020753
  51.42623326794630  35.74079445194946
  51.42631787573500  35.74078227566579
  51.42640273125080  35.74077130508874
  51.42648780865940  35.74076154355274
  51.42657308204920  35.74075299402105
  51.42665852544182  35.74074565910391
  51.42674411282606  35.74073954103226
  51.42681166028633  35.74073557738505
                NaN                NaN
  51.43525127826631  35.74264295156275
  51.43502188124210  35.74103143621050
                NaN                NaN
  51.43214989751907  35.74157124622483
  51.43215409811887  35.74231709330046
  51.43249755566589  35.74299935732437
  51.43337695268772  35.74299702526868
  51.43381446046755  35.74271806873411
  51.43377144306923  35.74219689206538
                NaN                NaN
  51.43527728990364  35.74351096962337
  51.43453566680535  35.74312288509620
  51.43363744949031  35.74312575227924
  51.43279937414237  35.74337328800080
  51.43207841364354  35.74303429591493
  51.43181385677401  35.74215521294167
  51.43131035002300  35.74131465365174
                NaN                NaN
  51.43770745148255  35.75227800676862
  51.43774728521396  35.75223816211402
  51.43778796586135  35.75219889023412
  51.43782948104244  35.75216020309205
  51.43787181812611  35.75212211246556
  51.43791496418795  35.75208462995533
  51.43795890609874  35.75204776698655
  51.43800363048096  35.75201153478108
  51.43804912369723  35.75197594437542
  51.43809537190613  35.75194100660345
  51.43814236100613  35.75190673212267
  51.43819007668139  35.75187313136084
  51.43823850441150  35.75184021456132
  51.43828762942859  35.75180799173718
  51.43833743679335  35.75177647271762
  51.43838791130827  35.75174566709238
  51.43843903761598  35.75171558424960
  51.43849080013376  35.75168623334751
  51.43854318310858  35.75165762332454
  51.43859617057254  35.75162976290748
  51.43864974637716  35.75160266057613
  51.43870389422627  35.75157632457282
  51.43875859761963  35.75155076293748
  51.43881383987695  35.75152598344503
  51.43886960420315  35.75150199364262
  51.43892587357777  35.75147880084753
  51.43898263089979  35.75145641211400
  51.43903985884309  35.75143483425725
  51.43909754001098  35.75141407386582
  51.43915565681617  35.75139413724482
  51.43921419155627  35.75137503048077
  51.43927312640440  35.75135675938713
  51.43933244341935  35.75133932953172
  51.43939212452409  35.75132274621817
  51.43945215153863  35.75130701449551
  51.43951250619077  35.75129213916763
  51.43957317008407  35.75127812475630
  51.43963412475227  35.75126497552955
  51.43969535162615  35.75125269550087
  51.43975683205642  35.75124128840259
  51.43981854732424  35.75123075770424
  51.43988047861889  35.75122110662107
  51.43994260708242  35.75121233809687
  51.44000491379898  35.75120445479477
  51.44006737978312  35.75119745911504
  51.44012998601303  35.75119135319577
  51.44019271342024  35.75118613888557
  51.44025554289936  35.75118181778887
  51.44031845530994  35.75117839120291
  51.44038143149641  35.75117586019012
  51.44044445227925  35.75117422550595
  51.44050749845324  35.75117348765280
  51.44057055081026  35.75117364686263
  51.44063359017287  35.75117470307944
  51.44069659731643  35.75117665597571
  51.44075955305701  35.75117950497245
  51.44082243823060  35.75118324919336
  51.44088523366992  35.75118788750066
  51.44094792024949  35.75119341846891
  51.44101047888420  35.75119984042993
  51.44107289050860  35.75120715142752
  51.44113513612114  35.75121534921816
  51.44119719677143  35.75122443132490
  51.44125905355136  35.75123439496507
  51.44127977208787  35.75123793726660
                NaN                NaN
  51.43878078475443  35.75104359769965
  51.43890755674143  35.74994777126960
  51.43951147092960  35.74961619252716
  51.44001592887806  35.74961448472008
  51.44008904695971  35.75057360580687
  51.43878078475443  35.75104359769965
                NaN                NaN
  51.43878086555386  35.75104089402470
  51.43692860370697  35.75039270031854
  51.43652239237073  35.74984627480622
  51.43688916941886  35.74927012539465
  51.43749430625276  35.74926772321175
  51.43842509471815  35.74980562993433
  51.43878078475443  35.75104359769965
                NaN                NaN
  51.43712932417031  35.74737371434230
  51.43714291484319  35.74740561717417
  51.43715582049438  35.74743770851061
  51.43716803720104  35.74746997857982
  51.43717956121882  35.74750241755960
  51.43719038904898  35.74753501555131
  51.43720051740360  35.74756776263355
  51.43720994317323  35.74760064883428
  51.43721866350430  35.74763366413250
  51.43722667573221  35.74766679847481
  51.43723397741507  35.74770004175820
  51.43724056633235  35.74773338387489
  51.43724644047570  35.74776681464939
  51.43725159804651  35.74780032391922
  51.43725603748050  35.74783390145437
  51.43725975742284  35.74786753704719
  51.43726275674146  35.74790122044019
  51.43726503452561  35.74793494137134
  51.43726659006380  35.74796868957350
  51.43726742289907  35.74800245477555
  51.43726753277451  35.74803622667429
  51.43726691965379  35.74806999498891
  51.43726558371061  35.74810374944276
  51.43726352536238  35.74813747974605
  51.43726074524741  35.74817117562230
  51.43725724419136  35.74820482681681
  51.43725302326337  35.74823842307070
  51.43724808375316  35.74827195414750
  51.43724242715995  35.74830540983290
  51.43723605521405  35.74833877995330
  51.43722896985635  35.74837205432117
  51.43722117323591  35.74840522281630
  51.43721266772292  35.74843827532276
  51.43720345591808  35.74847120178340
  51.43719354063164  35.74850399216325
  51.43718292486043  35.74853663647605
  51.43717161185449  35.74856912477674
  51.43715960506151  35.74860144716913
  51.43714690813791  35.74863359380643
  51.43713352493776  35.74866555489069
  51.43711945954541  35.74869732069176
  51.43710471624233  35.74872888154649
  51.43708929951954  35.74876022781389
  51.43707321407486  35.74879134996534
  51.43705646481514  35.74882223851240
  51.43703905682168  35.74885288405125
  51.43702099540632  35.74888327723679
  51.43700228607700  35.74891340882698
  51.43698293452825  35.74894326962849
  51.43696294665064  35.74897285055125
  51.43694232853162  35.74900214258106
  51.43692108645495  35.74903113679790
  51.43689922690074  35.74905982437581
  51.43687675650170  35.74908819656394
  51.43685368211952  35.74911624472428
  51.43683001079010  35.74914396031242
  51.43680574970118  35.74917133488611
  51.43678090625866  35.74919836010672
  51.43675548803107  35.74922502774700
  51.43672950275009  35.74925132967313
  51.43670295833161  35.74927725788120
  51.43667586287650  35.74930280447017
  51.43664822462618  35.74932796165001
  51.43662005199463  35.74935272177840
  51.43659135357062  35.74937707728856
  51.43656213810392  35.74940102077945
  51.43653241447427  35.74942454494248
  51.43650219175591  35.74944764262647
  51.43647147914169  35.74947030678170
  51.43644028599682  35.74949253051516
  51.43640862180467  35.74951430705347
  51.43637649623251  35.74953562976219
  51.43634391905412  35.74955649214417
  51.43631090019410  35.74957688784063
  51.43627744971618  35.74959681064877
  51.43624357781302  35.74961625449471
  51.43620929478353  35.74963521345086
  51.43617461108792  35.74965368174620
  51.43613953729266  35.74967165375614
  51.43610408407022  35.74968912401142
  51.43606826223302  35.74970608717192
  51.43603208267633  35.74972253808845
  51.43599555643536  35.74973847174090
  51.43595869462893  35.74975388327314
  51.43592150850346  35.74976876800295
  51.43588400935686  35.74978312137535
  51.43584620863565  35.74979693904574
  51.43580811784950  35.74981021677900
  51.43576974860162  35.74982295054028
  51.43573111257913  35.74983513644972
  51.43569222155249  35.74984677080040
  51.43565308736470  35.74985785004922
  51.43561372193160  35.74986837080786
  51.43557413726287  35.74987832987920
  51.43553434540731  35.74988772423826
  51.43549435848682  35.74989655100585
  51.43545418868371  35.74990480750225
  51.43541384823044  35.74991249122031
  51.43537334942126  35.74991959980721
  51.43533270458898  35.74992613110040
  51.43529192611656  35.74993208310958
  51.43525102643689  35.74993745402593
  51.43521001798902  35.74994224220301
  51.43516891328352  35.74994644619419
  51.43512772482580  35.74995006472415
  51.43508646518306  35.74995309667203
  51.43504514690520  35.74995554112410
  51.43500378259259  35.74995739733001
  51.43496238482860  35.74995866473739
  51.43492096624729  35.74995934294820
  51.43487953945468  35.74995943176228
  51.43483811706300  35.74995893114192
  51.43479671170036  35.74995784125716
  51.43475533599059  35.74995616242222
  51.43471400250705  35.74995389515770
  51.43467272387328  35.74995104015669
  51.43463151264135  35.74994759828206
  51.43459038137977  35.74994357058645
  51.43454934260741  35.74993895830191
  51.43450840883830  35.74993376282264
  51.43446759253655  35.74992798573130
  51.43442690612745  35.74992162879921
  51.43439123850089  35.74991555996250
                NaN                NaN
  51.42209123291995  35.74996259084048
  51.42498659056433  35.74961374147703
  51.42931385804771  35.74968835187602
  51.43419285581092  35.74991897921010
  51.43924745391549  35.75119624489799
  51.44101199714498  35.75118979001536
  51.44582726318578  35.75166939866283
  51.44929042813639  35.75260813738445
  51.45393385011004  35.75556206057735
  51.45616997320776  35.75636726463274
  51.46243801387229  35.75737265536601
  51.46510218020665  35.75736192377658
                NaN                NaN
  51.43525133220153  35.74264114909897
  51.43174751415184  35.74141624391144
                NaN                NaN
  51.42249044764935  35.74084467405035
  51.41780549711087  35.74072568992100
                NaN                NaN
  51.42129567198095  35.74934520784851
  51.42187957665067  35.74843076952113
  51.42249044764935  35.74084467405035
                NaN                NaN
  51.42249044764935  35.74084467405035
  51.42417853662494  35.74101998506984
  51.42409947374063  35.74151618373456
  51.42335649378499  35.74165373870626
  51.42278745124782  35.74134027298244
  51.42249044764935  35.74084467405035
                NaN                NaN
  51.42249044764935  35.74084467405035
  51.42154106917105  35.73931341892068
  51.42101721521561  35.73926326420682
  51.42072449278863  35.73950810232192
  51.42085412891912  35.73990477064464
  51.42250371223785  35.74084493920061
                NaN                NaN
  51.43514006378807  35.74258933867272
  51.43506164168684  35.74173560730085
  51.43439852342767  35.74101632948931
  51.43336676413374  35.74104719739071
  51.43319305569546  35.74193558990185
                NaN                NaN
  51.43580171798910  35.74269267462133
  51.43644910948716  35.74253330909389
  51.43680944099015  35.74213467651666
  51.43676791651591  35.74171092160913
  51.43626673910835  35.74145657862542
  51.43560582090812  35.74166166446960
  51.43538368463513  35.74265370096163
                NaN                NaN
  51.43711982640448  35.74281446669372
  51.43590826906964  35.74338284222689
  51.43539230266637  35.74439879236125
                NaN                NaN
  51.41990561639440  35.75884901859020
  51.42141233925629  35.75896030964490
  51.42356087796102  35.75936034303097
  51.42487669380697  35.75945605670594
  51.42646580349702  35.75943998231715
  51.42810571019752  35.75920577496422
  51.43053342098341  35.75867163016793
  51.43324339718674  35.75765069972427
  51.43427414833357  35.75732764068854
  51.43497744820994  35.75689345777595
  51.43564617148608  35.75632061486864
  51.43601721569421  35.75575086818273
  51.43648192793336  35.75463832096397
  51.43657969969024  35.75425431227285
  51.43687406570840  35.75347383023969
  51.43744070961079  35.75254004804882
  51.43841045711916  35.75173871306763
  51.43875417900631  35.75126760748249
  51.43880808934510  35.75075918381517
  51.43864353758308  35.74934375822247
  51.43546056578416  35.74525953321297
  51.43525133220153  35.74264114909897
                NaN                NaN
  51.42208349963067  35.74959451631916
  51.42129567198095  35.74934520784851
                NaN                NaN
  51.42306837806778  35.74100952653110
  51.42092298084712  35.73327899028700
  51.42076541768481  35.73200973870762
  51.42079841385419  35.73124388467944
  51.42088454526066  35.73077036866858
  51.42100855382203  35.73043468100303
  51.42112097309006  35.73007982387212
  51.42141698195150  35.72965108522248
  51.42364573993399  35.72739429081771
  51.42426065429392  35.72650930180383
  51.42525989741613  35.72405746636339
