  51.44416082384159  35.74267376749566
  51.43993137779942  35.74292802977075
                NaN                NaN
  51.44420936692779  35.74252954525230
  51.44716177421326  35.74251859350303
                NaN                NaN
  51.44441545991761  35.73984636225576
  51.44413927094486  35.74284016706628
                NaN                NaN
  51.43592519551363  35.73619877143704
  51.44196886245713  35.73640177902431
                NaN                NaN
  51.43266777823564  35.73606090844584
  51.43293013701253  35.73154732869688
                NaN                NaN
  51.43005644373952  35.73595387774952
  51.43061315577442  35.73143895228464
                NaN                NaN
  51.42578457601764  35.73100085939537
  51.42726470667333  35.73072920891593
                NaN                NaN
  51.41374685988605  35.72762083440661
  51.42578457601764  35.73100085939537
                NaN                NaN
  51.43554065913240  35.72653848729279
  51.43553341252363  35.72533897126366
                NaN                NaN
  51.43987333703308  35.73328062843283
  51.43554065913240  35.72653848729279
                NaN                NaN
  51.44446568916710  35.73986809845037
  51.43987333703308  35.73328062843283
                NaN                NaN
  51.43275371259853  35.74083570192553
  51.43306601611590  35.73613196162260
                NaN                NaN
  51.42964613192353  35.74071157104930
  51.43586782675125  35.74096349472943
                NaN                NaN
  51.43003517243228  35.73596247152420
  51.42961825143279  35.74075610383887
                NaN                NaN
  51.43592479113608  35.73621229000518
  51.43003517243228  35.73596247152420
                NaN                NaN
  51.43594463652863  35.73976386420573
  51.43592479113608  35.73621229000518
                NaN                NaN
  51.43587249079947  35.73980932162665
  51.43587888062471  35.74096371454151
                NaN                NaN
  51.43809029912769  35.73980200456725
  51.43587249079947  35.73980932162665
                NaN                NaN
  51.44369420761679  35.73944250104172
  51.43809029912769  35.73980200456725
                NaN                NaN
  51.44649828164246  35.73943223280303
  51.44369420761679  35.73944250104172
                NaN                NaN
  51.44601575318784  35.73628722055516
  51.44537830367909  35.73192172965734
                NaN                NaN
  51.44698691605727  35.74177929034070
  51.44601575318784  35.73628722055516
                NaN                NaN
  51.44772575104415  35.74449109624490
  51.44701983648611  35.74178805803055
                NaN                NaN
  51.44943308850562  35.74710842706986
  51.44772575104415  35.74449109624490
                NaN                NaN
  51.44988317631584  35.74859892092920
  51.44943308850562  35.74710842706986
                NaN                NaN
  51.44534652969693  35.73005622576910
  51.44538598687613  35.73192368544412
                NaN                NaN
  51.44553939469898  35.72826009758530
  51.44534652969693  35.73005622576910
                NaN                NaN
  51.44460166370474  35.72651460520221
  51.44553939469898  35.72826009758530
                NaN                NaN
  51.44389493978420  35.72462579028150
  51.44460166370474  35.72651460520221
                NaN                NaN
  51.45502549158321  35.72990317016456
  51.45359961675059  35.73002741606908
                NaN                NaN
  51.42722983808949  35.72897995865958
  51.42806673222773  35.72463923572141
                NaN                NaN
  51.42724017100105  35.73077290656345
  51.42722983808949  35.72897995865958
                NaN                NaN
  51.42895640879303  35.73122015809722
  51.42724017100105  35.73077290656345
                NaN                NaN
  51.43032500628877  35.73142238815287
  51.42895640879303  35.73122015809722
                NaN                NaN
  51.43520852093119  35.73161521729460
  51.43032500628877  35.73142238815287
                NaN                NaN
  51.44535903878182  35.73201152552609
  51.43520852093119  35.73161521729460
                NaN                NaN
  51.45358080071466  35.73002794621312
  51.44533580116214  35.73201196686550
