55.77 22.49
55.64 22.44
54.42 22.30
54.40 22.30
54.39 22.30
53.18 22.51
53.16 22.52
53.15 22.52
52.07 23.06
51.52 23.58
50.73 23.97
50.25 24.43
50.10 24.45
49.00 24.99
48.12 25.81
48.12 25.81
48.11 25.82
48.09 25.87
48.08 25.87
48.08 25.88
48.07 25.89
48.06 25.90
47.99 25.97
47.98 25.98
47.97 25.99
47.71 26.47
47.22 26.55
47.19 26.57
47.17 26.57
47.16 26.58
47.10 26.59
45.98 27.12
45.97 27.14
45.95 27.14
45.06 27.96
44.99 28.08
44.98 28.09
44.95 28.14
44.80 28.28
44.79 28.29
44.62 28.44
44.40 28.83
44.27 28.95
43.69 29.97
43.68 30.04
43.53 30.11
43.53 30.11
43.52 30.11
42.60 30.93
42.24 31.54
42.24 31.55
42.19 31.63
42.16 31.65
42.14 31.68
42.14 31.69
42.12 31.71
41.91 31.89
41.91 31.89
41.88 31.92
41.28 32.94
41.07 34.06
41.12 34.32
41.09 34.53
41.15 34.83
40.58 35.75
40.57 35.77
40.57 35.77
40.56 35.82
40.55 35.83
40.54 35.84
40.54 35.85
39.90 36.86
39.67 37.98
39.71 38.14
39.70 38.15
39.69 38.17
39.69 38.18
39.69 38.19
39.68 38.21
39.67 38.24
39.63 38.31
39.62 38.33
39.62 38.33
39.39 39.45
39.62 40.57
40.31 41.58
40.32 41.59
40.33 41.61
40.34 41.61
40.34 41.61
40.75 41.91
40.76 41.91
40.83 41.97
40.83 41.97
41.94 42.76
41.96 42.76
41.97 42.77
43.38 43.25
44.62 43.37
46.16 43.18
46.43 43.07
46.59 43.13
46.66 43.14
46.75 43.17
47.99 43.29
49.52 43.10
50.88 42.55
51.91 41.71
51.91 41.71
51.96 41.67
51.96 41.67
51.97 41.66
51.97 41.66
51.98 41.65
51.98 41.65
51.99 41.64
51.99 41.64
51.99 41.64
52.00 41.63
52.06 41.58
52.06 41.58
52.06 41.57
52.07 41.57
52.07 41.56
52.08 41.55
52.08 41.55
52.08 41.54
52.27 41.39
52.53 40.93
52.55 40.94
52.85 41.05
52.87 41.07
52.88 41.07
52.88 41.07
52.88 41.07
52.89 41.08
54.26 41.56
54.27 41.56
54.27 41.56
54.95 41.62
55.21 41.72
55.22 41.72
55.23 41.72
55.23 41.72
55.24 41.72
56.45 41.84
56.45 41.84
56.46 41.85
56.47 41.85
56.48 41.85
56.49 41.84
56.53 41.85
56.55 41.85
56.56 41.85
56.56 41.85
56.75 41.86
56.96 41.84
57.20 41.86
57.21 41.86
57.22 41.86
58.72 41.67
58.72 41.67
58.73 41.67
60.06 41.13
60.31 41.09
60.42 41.05
60.43 41.05
60.44 41.04
60.45 41.04
60.49 41.03
60.49 41.03
60.49 41.02
60.51 41.02
60.52 41.02
60.52 41.02
60.54 41.01
60.54 41.01
60.73 40.93
60.82 40.92
62.14 40.38
62.14 40.38
62.14 40.37
62.49 40.08
62.60 40.07
63.90 39.52
64.89 38.69
64.89 38.68
64.90 38.67
65.48 37.64
65.49 37.63
65.49 37.63
65.49 37.61
65.52 37.55
65.66 36.42
65.65 36.40
65.65 36.38
65.64 36.32
65.68 36.00
65.66 35.93
65.69 35.69
65.68 35.69
65.69 35.66
65.69 35.66
65.69 35.66
65.67 35.61
65.69 35.47
65.68 35.45
65.69 35.44
65.69 35.44
65.69 35.41
65.39 34.30
65.39 34.30
65.38 34.26
65.36 34.23
65.36 34.23
65.35 34.23
65.34 34.18
65.32 34.15
65.29 34.04
65.27 34.02
65.20 33.76
65.20 33.76
65.20 33.75
65.25 33.38
65.26 33.37
65.82 32.33
65.82 32.32
65.83 32.30
65.84 32.23
65.86 32.19
65.86 32.15
65.87 32.14
65.87 32.12
65.88 32.10
65.88 32.10
65.89 32.07
66.03 30.94
66.03 30.94
66.03 30.91
65.94 30.54
66.18 30.32
66.73 29.28
66.76 29.01
67.21 28.16
67.35 27.03
67.34 27.02
67.35 27.01
67.30 26.80
67.30 26.77
67.30 26.76
67.30 26.75
67.04 25.63
66.96 25.50
66.96 25.50
66.94 25.47
66.93 25.42
66.31 24.43
65.39 23.66
65.05 23.52
64.71 22.98
63.81 22.21
63.80 22.21
63.80 22.20
63.73 22.18
63.67 22.12
63.65 22.11
63.61 22.08
62.50 21.61
61.29 21.47
60.09 21.68
60.09 21.68
60.07 21.68
60.06 21.68
60.02 21.69
59.98 21.71
59.92 21.72
59.91 21.73
59.85 21.73
59.82 21.75
59.77 21.75
59.45 21.80
59.44 21.80
59.22 21.84
58.96 21.81
58.94 21.81
58.92 21.81
58.90 21.81
58.90 21.81
58.05 21.96
57.99 21.95
56.79 22.16
56.77 22.17
56.75 22.18
56.71 22.20
56.43 22.25
56.23 22.34
56.10 22.37
56.09 22.37
56.08 22.37
56.08 22.37
55.98 22.39
55.77 22.49
